# Information content per column (bits):
# Alignment file: alignment.aln
# Alignment idx:  1
# Number of sequences: 15
# Sequence weights from alignment were ignored (if they existed).
#
#  alnpos  freqnongap  info(bits)
# -------  ----------  ----------
        1  1.00000000  1.64664066
        2  1.00000000  0.72709440
        3  1.00000000  0.46708544
        4  1.00000000  1.30015716
        5  0.73333333  1.31596156
        6  0.73333333  1.15464906
        7  1.00000000  1.16335926
        8  1.00000000  1.16335926
        9  1.00000000  1.64664066
       10  1.00000000  1.64664066
       11  1.00000000  1.43349049
       12  1.00000000  0.96107940
       13  1.00000000  1.43349049
       14  1.00000000  1.27807191
       15  0.73333333  1.15464906
       16  0.73333333  0.65141210
       17  0.73333333  0.90420474
       18  0.73333333  1.31596156
       19  0.73333333  2.00000000
       20  0.40000000  0.54085208
       21  0.60000000  0.34225727
       22  1.00000000  0.06708544
       23  1.00000000  2.00000000
       24  1.00000000  1.00320837
       25  1.00000000  1.30015716
       26  1.00000000  2.00000000
       27  1.00000000  0.72709440
       28  1.00000000  1.09441274
       29  1.00000000  2.00000000
       30  1.00000000  1.64664066
       31  1.00000000  0.96107940
       32  1.00000000  0.94701842
       33  1.00000000  0.94701842
       34  0.26666667  1.18872188
       35  0.20000000  0.41503750
       36  1.00000000  2.00000000
       37  1.00000000  0.57052670
       38  1.00000000  0.43440377
       39  1.00000000  1.30015716
       40  0.86666667  1.38061781
       41  0.93333333  1.62876767
       42  0.93333333  1.62876767
       43  0.93333333  0.44334329
       44  0.93333333  0.19079997
       45  0.93333333  1.62876767
       46  0.93333333  1.62876767
       47  0.93333333  1.62876767
       48  0.93333333  1.25040474
       49  0.93333333  0.91076992
       50  0.93333333  0.42558257
       51  0.93333333  1.40832722
       52  0.93333333  0.85116515
       53  0.93333333  0.70416361
       54  0.93333333  0.70416361
       55  0.86666667  0.53951532
       56  1.00000000  1.43349049
       57  1.00000000  2.00000000
       58  1.00000000  2.00000000
       59  1.00000000  0.94701842
       60  1.00000000  1.09441274
       61  1.00000000  1.09441274
       62  1.00000000  1.43349049
       63  1.00000000  2.00000000
       64  1.00000000  2.00000000
       65  1.00000000  1.64664066
       66  1.00000000  1.64664066
       67  1.00000000  1.30015716
       68  0.93333333  1.05362706
       69  1.00000000  2.00000000
       70  1.00000000  1.64664066
       71  1.00000000  1.30015716
       72  1.00000000  1.43349049
       73  1.00000000  0.62904941
       74  1.00000000  1.64664066
       75  1.00000000  2.00000000
       76  1.00000000  1.43349049
       77  1.00000000  1.16335926
       78  1.00000000  1.30015716
       79  1.00000000  1.43349049
       80  1.00000000  1.08170417
       81  1.00000000  2.00000000
       82  1.00000000  2.00000000
       83  1.00000000  1.09441274
       84  1.00000000  1.08170417
       85  1.00000000  2.00000000
       86  1.00000000  1.64664066
       87  1.00000000  2.00000000
       88  1.00000000  1.64664066
       89  1.00000000  1.43349049
       90  1.00000000  1.09441274
       91  0.86666667  1.00427255
       92  1.00000000  1.64664066
       93  1.00000000  1.64664066
       94  1.00000000  2.00000000
       95  1.00000000  1.64664066
       96  1.00000000  2.00000000
       97  1.00000000  1.64664066
       98  1.00000000  2.00000000
       99  1.00000000  2.00000000
      100  1.00000000  1.64664066
      101  1.00000000  2.00000000
      102  1.00000000  1.64664066
      103  1.00000000  2.00000000
      104  1.00000000  2.00000000
      105  0.86666667  1.60875644
      106  1.00000000  2.00000000
      107  0.40000000  2.00000000
      108  0.86666667  1.38061781
      109  0.86666667  1.60875644
      110  1.00000000  2.00000000
      111  1.00000000  1.30015716
      112  1.00000000  1.30015716
      113  1.00000000  1.27807191
      114  1.00000000  1.43349049
      115  1.00000000  1.30015716
      116  1.00000000  1.43349049
      117  0.93333333  1.05362706
      118  1.00000000  1.30015716
      119  1.00000000  1.43349049
      120  1.00000000  0.75805397
      121  1.00000000  1.16335926
      122  1.00000000  1.64664066
      123  1.00000000  1.43349049
      124  1.00000000  1.64664066
      125  1.00000000  2.00000000
      126  0.93333333  2.00000000
      127  0.13333333  2.00000000
      128  0.20000000  1.08170417
      129  0.33333333  0.47807191
      130  1.00000000  0.76904044
      131  1.00000000  0.31051773
      132  1.00000000  1.43349049
      133  1.00000000  2.00000000
      134  1.00000000  2.00000000
      135  0.26666667  1.18872188
      136  1.00000000  1.64664066
      137  1.00000000  1.09441274
      138  1.00000000  1.09441274
      139  1.00000000  1.64664066
      140  1.00000000  1.64664066
      141  1.00000000  0.76335926
      142  1.00000000  0.57052670
      143  1.00000000  1.30015716
      144  0.86666667  2.00000000
      145  0.86666667  2.00000000
      146  0.86666667  0.64796990
      147  0.13333333  1.00000000
      148  0.93333333  0.70830800
      149  0.93333333  1.26547008
      150  1.00000000  1.30015716
      151  1.00000000  0.94701842
      152  1.00000000  1.27807191
      153  1.00000000  1.43349049
      154  1.00000000  1.09441274
      155  0.13333333  2.00000000
      156  0.80000000  0.71932787
      157  0.80000000  0.95914792
      158  0.80000000  0.74837083
      159  0.80000000  1.08170417
      160  0.80000000  1.34997758
      161  0.73333333  0.65141210
      162  0.73333333  1.05433970
      163  0.66666667  0.70453816
      164  0.73333333  1.56050301
      165  0.73333333  0.50888515
      166  1.00000000  1.02904941
      167  1.00000000  1.64664066
      168  1.00000000  0.19376107
      169  1.00000000  0.96107940
      170  1.00000000  1.09441274
      171  0.93333333  1.26547008
      172  0.93333333  2.00000000
      173  0.93333333  1.01477186
      174  0.93333333  2.00000000
      175  0.93333333  0.42558257
      176  0.93333333  1.25040474
      177  0.93333333  2.00000000
      178  0.93333333  1.05362706
      179  1.00000000  1.64664066
      180  1.00000000  0.62472063
      181  1.00000000  1.43349049
      182  1.00000000  0.76904044
      183  1.00000000  1.64664066
      184  0.13333333  2.00000000
      185  1.00000000  1.27807191
      186  1.00000000  2.00000000
      187  1.00000000  1.64664066
      188  1.00000000  0.52839774
      189  1.00000000  1.08170417
      190  1.00000000  1.64664066
      191  1.00000000  1.16335926
      192  1.00000000  0.76904044
      193  1.00000000  2.00000000
      194  1.00000000  1.08170417
      195  1.00000000  0.43719337
      196  1.00000000  1.27807191
      197  0.13333333  1.00000000
      198  0.13333333  2.00000000
      199  1.00000000  1.64664066
      200  1.00000000  1.43349049
      201  1.00000000  0.72709440
      202  1.00000000  0.62904941
      203  1.00000000  1.43349049
      204  1.00000000  1.16335926
      205  1.00000000  0.75805397
      206  1.00000000  0.84106147
      207  1.00000000  1.43349049
      208  1.00000000  2.00000000
      209  1.00000000  2.00000000
      210  1.00000000  0.71330733
      211  1.00000000  1.43349049
      212  0.26666667  2.00000000
      213  1.00000000  1.64664066
      214  1.00000000  2.00000000
      215  1.00000000  1.30015716
      216  1.00000000  2.00000000
      217  1.00000000  1.64664066
      218  0.13333333  1.00000000
      219  1.00000000  2.00000000
      220  1.00000000  1.43349049
      221  1.00000000  1.64664066
      222  1.00000000  1.64664066
      223  1.00000000  2.00000000
      224  1.00000000  1.64664066
      225  1.00000000  1.64664066
      226  1.00000000  1.43349049
      227  1.00000000  1.64664066
      228  1.00000000  2.00000000
      229  1.00000000  1.64664066
      230  0.53333333  1.04556600
      231  0.60000000  2.00000000
      232  0.73333333  0.67782065
      233  0.80000000  1.18872188
      234  0.93333333  0.80188258
      235  0.93333333  0.90508568
      236  0.93333333  1.01477186
      237  1.00000000  1.64664066
      238  1.00000000  0.72709440
      239  1.00000000  1.27807191
      240  1.00000000  0.84106147
      241  1.00000000  1.27807191
      242  1.00000000  1.43349049
      243  1.00000000  0.44539024
      244  1.00000000  1.27807191
      245  1.00000000  1.64664066
      246  1.00000000  1.64664066
      247  1.00000000  1.27807191
      248  1.00000000  1.43349049
      249  1.00000000  2.00000000
      250  1.00000000  1.30015716
      251  1.00000000  1.30015716
      252  1.00000000  1.30015716
      253  1.00000000  1.16335926
      254  0.93333333  1.13687943
      255  1.00000000  2.00000000
      256  1.00000000  2.00000000
      257  0.93333333  1.05971404
      258  1.00000000  2.00000000
      259  1.00000000  1.43349049
      260  1.00000000  1.16335926
      261  1.00000000  2.00000000
      262  1.00000000  1.64664066
      263  1.00000000  1.64664066
      264  1.00000000  1.30015716
      265  1.00000000  1.64664066
      266  1.00000000  1.64664066
      267  1.00000000  2.00000000
      268  1.00000000  2.00000000
      269  1.00000000  1.64664066
      270  1.00000000  2.00000000
      271  1.00000000  1.30015716
      272  1.00000000  2.00000000
      273  1.00000000  1.30015716
      274  1.00000000  1.00320837
      275  1.00000000  2.00000000
      276  0.93333333  0.80188258
      277  0.93333333  1.40832722
      278  0.26666667  2.00000000
      279  0.40000000  1.34997758
      280  0.53333333  0.93872188
      281  0.86666667  1.22065016
      282  0.86666667  0.70426220
      283  1.00000000  0.84106147
      284  1.00000000  1.64664066
      285  1.00000000  0.96107940
      286  1.00000000  1.43349049
      287  1.00000000  1.02904941
      288  1.00000000  0.71330733
      289  1.00000000  1.27807191
      290  1.00000000  1.43349049
      291  1.00000000  1.64664066
      292  1.00000000  2.00000000
      293  1.00000000  1.64664066
      294  1.00000000  1.43349049
      295  1.00000000  1.27807191
      296  1.00000000  2.00000000
      297  1.00000000  1.43349049
      298  1.00000000  1.64664066
      299  1.00000000  0.17052670
      300  0.93333333  0.56843972
      301  0.66666667  0.84322035
      302  1.00000000  1.64664066
      303  1.00000000  1.64664066
      304  1.00000000  1.64664066
      305  1.00000000  1.64664066
      306  1.00000000  1.64664066
      307  1.00000000  2.00000000
      308  1.00000000  1.64664066
      309  1.00000000  2.00000000
      310  1.00000000  2.00000000
      311  1.00000000  1.00320837
      312  0.93333333  1.26547008
      313  0.93333333  1.62876767
      314  1.00000000  1.64664066
      315  1.00000000  1.30015716
      316  1.00000000  1.64664066
      317  1.00000000  1.64664066
      318  1.00000000  1.09441274
      319  1.00000000  1.30015716
      320  1.00000000  0.52839774
      321  1.00000000  0.94701842
      322  1.00000000  0.44539024
      323  1.00000000  0.71330733
      324  1.00000000  0.76904044
      325  1.00000000  0.35977607
      326  1.00000000  2.00000000
      327  1.00000000  1.02904941
      328  0.93333333  1.62876767
      329  0.93333333  1.40832722
      330  1.00000000  1.43349049
      331  1.00000000  1.30015716
      332  1.00000000  0.76904044
      333  1.00000000  1.43349049
      334  1.00000000  1.02904941
      335  1.00000000  1.64664066
      336  1.00000000  1.27807191
      337  0.93333333  0.51616829
      338  1.00000000  0.57439480
      339  1.00000000  0.76335926
      340  1.00000000  1.09441274
      341  1.00000000  2.00000000
      342  1.00000000  1.27807191
      343  1.00000000  1.30015716
      344  1.00000000  1.43349049
      345  1.00000000  0.52839774
      346  0.93333333  0.42558257
      347  0.93333333  0.46938101
      348  1.00000000  0.72709440
      349  1.00000000  1.43349049
      350  1.00000000  1.64664066
      351  1.00000000  1.64664066
      352  1.00000000  1.64664066
      353  1.00000000  1.27807191
      354  1.00000000  1.64664066
      355  1.00000000  1.64664066
      356  1.00000000  2.00000000
      357  1.00000000  2.00000000
      358  1.00000000  2.00000000
      359  1.00000000  1.64664066
      360  1.00000000  0.94701842
      361  1.00000000  2.00000000
      362  1.00000000  1.64664066
      363  1.00000000  0.72709440
      364  1.00000000  1.16335926
      365  1.00000000  1.64664066
      366  1.00000000  1.30015716
      367  1.00000000  1.30015716
      368  1.00000000  2.00000000
      369  1.00000000  1.64664066
      370  1.00000000  2.00000000
      371  1.00000000  2.00000000
      372  1.00000000  1.64664066
      373  1.00000000  2.00000000
      374  1.00000000  2.00000000
      375  1.00000000  1.64664066
      376  1.00000000  1.64664066
      377  1.00000000  2.00000000
      378  1.00000000  2.00000000
      379  1.00000000  2.00000000
      380  1.00000000  2.00000000
      381  1.00000000  1.64664066
      382  1.00000000  1.64664066
      383  1.00000000  1.64664066
      384  1.00000000  2.00000000
      385  1.00000000  1.64664066
      386  1.00000000  1.64664066
      387  1.00000000  2.00000000
      388  1.00000000  1.64664066
      389  1.00000000  2.00000000
      390  1.00000000  1.64664066
      391  1.00000000  2.00000000
      392  1.00000000  2.00000000
      393  1.00000000  2.00000000
      394  1.00000000  2.00000000
      395  1.00000000  0.60041877
      396  0.93333333  0.42558257
      397  1.00000000  1.64664066
      398  1.00000000  1.43349049
      399  1.00000000  1.64664066
      400  1.00000000  0.75805397
      401  1.00000000  1.64664066
      402  1.00000000  1.64664066
      403  1.00000000  1.16335926
      404  1.00000000  2.00000000
      405  1.00000000  1.64664066
      406  1.00000000  2.00000000
      407  1.00000000  2.00000000
      408  1.00000000  2.00000000
      409  1.00000000  1.64664066
      410  1.00000000  1.64664066
      411  0.13333333  1.00000000
      412  0.13333333  1.00000000
      413  0.13333333  2.00000000
      414  0.53333333  0.45120506
      415  1.00000000  2.00000000
      416  1.00000000  1.64664066
      417  1.00000000  1.30015716
      418  1.00000000  1.64664066
      419  1.00000000  1.30015716
      420  1.00000000  2.00000000
      421  1.00000000  0.89669259
      422  1.00000000  1.64664066
      423  1.00000000  1.64664066
      424  0.93333333  1.26547008
      425  0.93333333  1.62876767
      426  1.00000000  1.08170417
      427  1.00000000  2.00000000
      428  1.00000000  2.00000000
      429  1.00000000  2.00000000
      430  1.00000000  1.64664066
      431  1.00000000  2.00000000
      432  1.00000000  2.00000000
      433  1.00000000  2.00000000
      434  1.00000000  1.64664066
      435  1.00000000  2.00000000
      436  1.00000000  2.00000000
      437  1.00000000  1.02904941
      438  1.00000000  1.64664066
      439  1.00000000  1.02904941
      440  0.93333333  1.40832722
      441  1.00000000  1.64664066
      442  1.00000000  0.96107940
      443  1.00000000  1.43349049
      444  1.00000000  1.64664066
      445  1.00000000  2.00000000
      446  1.00000000  1.43349049
      447  1.00000000  1.64664066
      448  0.13333333  1.00000000
      449  1.00000000  1.64664066
      450  1.00000000  2.00000000
      451  1.00000000  2.00000000
      452  1.00000000  1.64664066
      453  1.00000000  0.72709440
      454  1.00000000  1.64664066
      455  1.00000000  1.30015716
      456  1.00000000  2.00000000
      457  1.00000000  1.43349049
      458  0.93333333  1.40832722
      459  1.00000000  2.00000000
      460  1.00000000  2.00000000
      461  1.00000000  1.43349049
      462  1.00000000  2.00000000
      463  1.00000000  1.30015716
      464  1.00000000  0.76335926
      465  1.00000000  2.00000000
      466  1.00000000  1.64664066
      467  1.00000000  1.30015716
      468  1.00000000  2.00000000
      469  1.00000000  0.94701842
      470  1.00000000  0.76335926
      471  1.00000000  2.00000000
      472  1.00000000  0.94701842
      473  1.00000000  1.30015716
      474  1.00000000  1.64664066
      475  1.00000000  2.00000000
      476  1.00000000  2.00000000
      477  0.40000000  1.34997758
      478  0.33333333  1.27807191
      479  1.00000000  0.71330733
      480  1.00000000  2.00000000
      481  1.00000000  1.64664066
      482  1.00000000  2.00000000
      483  1.00000000  1.64664066
      484  1.00000000  1.08170417
      485  1.00000000  2.00000000
      486  1.00000000  1.43349049
      487  1.00000000  1.64664066
      488  1.00000000  2.00000000
      489  1.00000000  1.64664066
      490  1.00000000  1.64664066
      491  1.00000000  1.64664066
      492  1.00000000  0.62472063
      493  1.00000000  1.09441274
      494  1.00000000  0.94701842
      495  1.00000000  0.84106147
      496  1.00000000  1.09441274
      497  1.00000000  1.30015716
      498  1.00000000  0.84106147
      499  1.00000000  2.00000000
      500  1.00000000  1.64664066
      501  1.00000000  2.00000000
      502  1.00000000  2.00000000
      503  1.00000000  1.64664066
      504  1.00000000  1.43349049
      505  1.00000000  1.08170417
      506  1.00000000  2.00000000
      507  1.00000000  1.16335926
      508  1.00000000  1.09441274
      509  1.00000000  1.64664066
      510  1.00000000  0.96107940
      511  1.00000000  1.09441274
      512  1.00000000  1.27807191
      513  1.00000000  1.16335926
      514  1.00000000  0.72709440
      515  1.00000000  1.02904941
      516  1.00000000  1.64664066
      517  1.00000000  1.30015716
      518  1.00000000  1.27807191
      519  1.00000000  1.30015716
      520  1.00000000  1.64664066
      521  0.86666667  0.85988432
      522  1.00000000  1.27807191
      523  1.00000000  1.09441274
      524  1.00000000  2.00000000
      525  1.00000000  1.64664066
      526  1.00000000  1.09441274
      527  1.00000000  1.16335926
      528  0.93333333  2.00000000
      529  0.93333333  1.62876767
      530  0.93333333  2.00000000
      531  0.93333333  1.40832722
      532  0.26666667  1.00000000
      533  1.00000000  1.16335926
      534  1.00000000  1.64664066
      535  1.00000000  0.76904044
      536  1.00000000  1.64664066
      537  1.00000000  1.43349049
      538  1.00000000  1.64664066
      539  1.00000000  1.64664066
      540  1.00000000  0.60041877
      541  1.00000000  1.09441274
      542  1.00000000  1.27807191
      543  1.00000000  1.64664066
      544  1.00000000  1.43349049
      545  1.00000000  2.00000000
      546  1.00000000  2.00000000
      547  1.00000000  1.27807191
      548  0.93333333  1.62876767
      549  0.93333333  2.00000000
      550  0.93333333  1.62876767
      551  0.93333333  1.26547008
      552  0.80000000  1.58618315
      553  0.80000000  1.18331091
      554  0.60000000  1.08170417
      555  0.73333333  2.00000000
      556  0.73333333  2.00000000
      557  0.93333333  1.05971404
      558  0.93333333  1.62876767
      559  0.93333333  1.26547008
      560  0.93333333  0.46938101
      561  1.00000000  1.64664066
      562  1.00000000  1.64664066
      563  1.00000000  1.64664066
      564  1.00000000  1.64664066
      565  1.00000000  1.16335926
      566  1.00000000  1.64664066
      567  1.00000000  1.27807191
      568  1.00000000  1.30015716
      569  0.93333333  1.25040474
      570  0.93333333  0.70830800
      571  1.00000000  1.64664066
      572  1.00000000  1.64664066
      573  1.00000000  1.64664066
      574  0.93333333  1.62876767
      575  0.93333333  2.00000000
      576  0.93333333  0.70416361
      577  0.93333333  0.27260333
      578  0.93333333  1.62876767
      579  0.93333333  1.05362706
      580  0.93333333  0.47835936
      581  0.93333333  0.80188258
      582  1.00000000  1.64664066
      583  0.93333333  2.00000000
      584  1.00000000  1.08170417
      585  1.00000000  1.64664066
      586  1.00000000  2.00000000
      587  1.00000000  1.64664066
      588  1.00000000  1.43349049
      589  1.00000000  1.27807191
      590  1.00000000  1.64664066
      591  1.00000000  1.64664066
      592  1.00000000  2.00000000
      593  1.00000000  0.84106147
      594  1.00000000  2.00000000
      595  1.00000000  1.43349049
      596  0.93333333  1.05362706
      597  0.93333333  1.62876767
      598  0.93333333  1.62876767
      599  1.00000000  2.00000000
      600  1.00000000  1.43349049
      601  1.00000000  0.75805397
      602  1.00000000  1.27807191
      603  1.00000000  2.00000000
      604  1.00000000  2.00000000
      605  1.00000000  2.00000000
      606  1.00000000  2.00000000
      607  1.00000000  1.02904941
      608  0.93333333  1.05362706
      609  0.93333333  1.26547008
      610  1.00000000  1.64664066
      611  1.00000000  1.09441274
      612  1.00000000  1.00320837
      613  1.00000000  0.94701842
      614  1.00000000  1.00320837
      615  1.00000000  1.27807191
      616  1.00000000  1.64664066
      617  1.00000000  1.09441274
      618  1.00000000  1.16335926
      619  1.00000000  1.02904941
      620  1.00000000  0.76335926
      621  1.00000000  1.02904941
      622  0.53333333  1.45643556
      623  0.80000000  1.18872188
      624  0.93333333  1.25040474
      625  0.93333333  1.62876767
      626  0.93333333  1.62876767
      627  0.93333333  0.19079997
      628  0.93333333  1.05362706
      629  0.93333333  0.55118436
      630  0.86666667  0.70426220
      631  1.00000000  1.00320837
      632  1.00000000  1.16335926
      633  1.00000000  1.27807191
      634  1.00000000  1.30015716
      635  1.00000000  2.00000000
      636  1.00000000  0.76904044
      637  1.00000000  0.43719337
      638  1.00000000  1.64664066
      639  1.00000000  1.30015716
      640  1.00000000  0.96107940
      641  1.00000000  1.00320837
      642  1.00000000  0.94701842
      643  1.00000000  1.09441274
      644  1.00000000  1.64664066
      645  1.00000000  1.16335926
      646  0.13333333  2.00000000
      647  0.93333333  0.73619083
      648  0.93333333  0.22167165
      649  0.93333333  0.16476225
      650  1.00000000  1.64664066
      651  1.00000000  1.09441274
      652  1.00000000  1.16335926
      653  0.46666667  1.13687943
      654  0.46666667  2.00000000
      655  0.53333333  1.45643556
      656  0.93333333  1.25040474
      657  0.93333333  0.33550222
      658  0.93333333  1.05362706
      659  0.93333333  1.01477186
      660  1.00000000  2.00000000
      661  0.86666667  1.60875644
      662  0.86666667  1.22065016
      663  0.86666667  1.38061781
      664  0.86666667  1.00873574
      665  0.86666667  1.22677165
      666  0.86666667  1.60875644
      667  0.86666667  1.60875644
      668  0.86666667  1.22677165
      669  0.86666667  1.00427255
      670  0.80000000  1.18331091
      671  1.00000000  1.09441274
      672  1.00000000  1.43349049
      673  1.00000000  2.00000000
      674  1.00000000  1.43349049
      675  1.00000000  1.43349049
      676  1.00000000  1.00320837
      677  1.00000000  1.64664066
      678  1.00000000  1.64664066
      679  1.00000000  1.43349049
      680  1.00000000  1.43349049
      681  1.00000000  1.08170417
      682  1.00000000  1.02904941
      683  1.00000000  1.08170417
      684  1.00000000  1.30015716
      685  1.00000000  1.30015716
      686  1.00000000  1.64664066
      687  1.00000000  1.30015716
      688  0.93333333  1.05362706
      689  1.00000000  1.00320837
      690  1.00000000  2.00000000
      691  0.93333333  0.73619083
      692  1.00000000  1.30015716
      693  1.00000000  0.72709440
      694  1.00000000  1.43349049
      695  0.80000000  1.08170417
      696  0.13333333  2.00000000
      697  0.13333333  1.00000000
      698  1.00000000  1.09441274
      699  1.00000000  1.64664066
      700  1.00000000  1.27807191
      701  1.00000000  2.00000000
      702  1.00000000  1.64664066
      703  1.00000000  0.17439480
      704  1.00000000  1.00320837
      705  1.00000000  0.75805397
      706  1.00000000  1.64664066
      707  1.00000000  1.27807191
      708  1.00000000  1.64664066
      709  1.00000000  1.43349049
      710  1.00000000  0.57052670
      711  1.00000000  0.84106147
      712  1.00000000  0.94701842
      713  1.00000000  1.64664066
      714  1.00000000  1.30015716
      715  1.00000000  0.72709440
      716  1.00000000  1.30015716
      717  1.00000000  1.43349049
      718  0.93333333  1.13687943
      719  0.93333333  1.25040474
      720  0.13333333  1.00000000
      721  0.06666667  2.00000000
      722  0.06666667  2.00000000
      723  0.13333333  1.00000000
      724  0.73333333  1.13414338
      725  1.00000000  1.43349049
      726  1.00000000  1.27807191
      727  1.00000000  0.54343524
      728  1.00000000  0.44539024
      729  0.93333333  0.50738593
      730  0.93333333  1.62876767
      731  1.00000000  0.89669259
      732  1.00000000  1.43349049
      733  1.00000000  1.64664066
      734  1.00000000  0.89669259
      735  1.00000000  1.43349049
      736  1.00000000  1.64664066
      737  1.00000000  1.43349049
      738  1.00000000  1.02904941
      739  1.00000000  1.27807191
      740  1.00000000  1.43349049
      741  1.00000000  1.30015716
      742  0.93333333  1.26547008
      743  0.93333333  1.62876767
      744  0.93333333  2.00000000
      745  0.93333333  0.70416361
      746  1.00000000  0.96107940
      747  1.00000000  1.43349049
      748  1.00000000  0.19376107
      749  1.00000000  1.09441274
      750  1.00000000  1.64664066
      751  1.00000000  1.64664066
      752  1.00000000  2.00000000
      753  1.00000000  1.43349049
      754  1.00000000  0.94701842
      755  1.00000000  1.27807191
      756  1.00000000  1.27807191
      757  1.00000000  0.72709440
      758  1.00000000  1.30015716
      759  1.00000000  1.27807191
      760  1.00000000  2.00000000
      761  1.00000000  1.43349049
      762  1.00000000  1.16335926
      763  0.86666667  1.60875644
      764  0.93333333  0.90508568
      765  0.93333333  1.40832722
      766  1.00000000  1.43349049
      767  1.00000000  2.00000000
      768  1.00000000  0.94701842
      769  1.00000000  0.96107940
      770  1.00000000  1.27807191
      771  1.00000000  0.76335926
      772  1.00000000  2.00000000
      773  1.00000000  2.00000000
      774  1.00000000  1.64664066
      775  1.00000000  1.64664066
      776  1.00000000  0.72709440
      777  1.00000000  1.43349049
      778  1.00000000  1.30015716
      779  1.00000000  1.16335926
      780  1.00000000  1.16335926
      781  1.00000000  1.43349049
      782  1.00000000  1.43349049
      783  1.00000000  2.00000000
      784  1.00000000  1.30015716
      785  1.00000000  1.64664066
      786  1.00000000  1.02904941
      787  0.93333333  2.00000000
      788  0.93333333  2.00000000
      789  0.13333333  1.00000000
      790  0.93333333  2.00000000
      791  0.93333333  2.00000000
      792  0.93333333  2.00000000
      793  0.93333333  2.00000000
      794  0.93333333  2.00000000
      795  0.93333333  2.00000000
      796  0.93333333  2.00000000
      797  1.00000000  1.43349049
      798  1.00000000  0.94701842
      799  1.00000000  2.00000000
      800  1.00000000  2.00000000
      801  1.00000000  2.00000000
      802  1.00000000  2.00000000
      803  1.00000000  2.00000000
      804  1.00000000  1.64664066
      805  1.00000000  2.00000000
      806  1.00000000  2.00000000
      807  1.00000000  2.00000000
      808  1.00000000  1.30015716
      809  1.00000000  2.00000000
      810  1.00000000  2.00000000
      811  1.00000000  1.64664066
      812  1.00000000  1.64664066
      813  1.00000000  2.00000000
      814  1.00000000  2.00000000
      815  1.00000000  1.64664066
      816  1.00000000  1.64664066
      817  1.00000000  1.16335926
      818  1.00000000  1.09441274
      819  1.00000000  1.43349049
      820  1.00000000  2.00000000
      821  0.33333333  1.27807191
      822  1.00000000  1.64664066
      823  1.00000000  2.00000000
      824  1.00000000  1.64664066
      825  1.00000000  0.84106147
      826  1.00000000  1.64664066
      827  1.00000000  2.00000000
      828  1.00000000  1.64664066
      829  1.00000000  1.64664066
      830  1.00000000  1.27807191
      831  1.00000000  2.00000000
      832  1.00000000  1.64664066
      833  1.00000000  1.64664066
      834  1.00000000  1.30015716
      835  1.00000000  1.64664066
      836  1.00000000  1.64664066
      837  1.00000000  1.64664066
      838  1.00000000  1.43349049
      839  1.00000000  1.64664066
      840  1.00000000  2.00000000
      841  1.00000000  2.00000000
      842  1.00000000  1.64664066
      843  1.00000000  1.64664066
      844  1.00000000  2.00000000
      845  1.00000000  2.00000000
      846  1.00000000  2.00000000
      847  1.00000000  1.64664066
      848  1.00000000  2.00000000
      849  0.13333333  1.00000000
      850  0.13333333  1.00000000
      851  0.93333333  1.25040474
      852  0.93333333  2.00000000
      853  0.93333333  1.25040474
      854  0.93333333  2.00000000
      855  0.73333333  1.31596156
      856  0.73333333  2.00000000
      857  0.73333333  0.90420474
      858  0.73333333  1.13414338
      859  0.73333333  0.31418429
      860  0.73333333  1.13414338
      861  0.73333333  1.31596156
      862  1.00000000  1.64664066
      863  1.00000000  1.27807191
      864  1.00000000  1.64664066
      865  1.00000000  1.08170417
      866  1.00000000  1.64664066
      867  1.00000000  0.44539024
      868  1.00000000  1.64664066
      869  1.00000000  1.02904941
      870  1.00000000  1.09441274
      871  1.00000000  0.57439480
      872  1.00000000  1.09441274
      873  1.00000000  1.43349049
      874  1.00000000  1.43349049
      875  1.00000000  1.30015716
      876  1.00000000  1.16335926
      877  1.00000000  1.64664066
      878  1.00000000  2.00000000
      879  1.00000000  1.30015716
      880  1.00000000  0.72709440
      881  1.00000000  1.64664066
      882  1.00000000  1.64664066
      883  1.00000000  1.30015716
      884  1.00000000  1.64664066
      885  1.00000000  1.64664066
      886  1.00000000  2.00000000
      887  1.00000000  1.30015716
      888  1.00000000  2.00000000
      889  1.00000000  1.64664066
      890  1.00000000  1.64664066
      891  1.00000000  2.00000000
      892  1.00000000  0.89669259
      893  1.00000000  2.00000000
      894  1.00000000  2.00000000
      895  1.00000000  1.16335926
      896  1.00000000  1.64664066
      897  1.00000000  1.27807191
      898  1.00000000  0.75805397
      899  1.00000000  1.64664066
      900  1.00000000  2.00000000
      901  1.00000000  1.64664066
      902  1.00000000  1.64664066
      903  1.00000000  1.64664066
      904  1.00000000  1.64664066
      905  1.00000000  1.64664066
      906  1.00000000  0.94701842
      907  1.00000000  1.64664066
      908  1.00000000  1.64664066
      909  1.00000000  2.00000000
      910  0.93333333  2.00000000
      911  0.93333333  1.62876767
      912  1.00000000  2.00000000
      913  1.00000000  2.00000000
      914  1.00000000  2.00000000
      915  1.00000000  2.00000000
      916  1.00000000  2.00000000
      917  1.00000000  2.00000000
      918  1.00000000  2.00000000
      919  1.00000000  0.57439480
      920  1.00000000  2.00000000
      921  1.00000000  2.00000000
      922  1.00000000  2.00000000
      923  1.00000000  1.64664066
      924  1.00000000  2.00000000
      925  1.00000000  2.00000000
      926  1.00000000  2.00000000
      927  1.00000000  2.00000000
      928  1.00000000  1.64664066
      929  0.86666667  1.00873574
      930  0.86666667  1.38061781
      931  1.00000000  1.09441274
      932  1.00000000  1.09441274
      933  1.00000000  1.16335926
      934  1.00000000  2.00000000
      935  1.00000000  0.76904044
      936  1.00000000  1.27807191
      937  1.00000000  0.60041877
      938  0.13333333  1.00000000
      939  0.13333333  2.00000000
      940  1.00000000  2.00000000
      941  1.00000000  1.27807191
      942  1.00000000  1.43349049
      943  1.00000000  1.64664066
      944  1.00000000  1.64664066
      945  1.00000000  1.30015716
      946  1.00000000  2.00000000
      947  0.13333333  1.00000000
      948  1.00000000  2.00000000
      949  0.46666667  0.62121651
      950  1.00000000  1.64664066
      951  1.00000000  2.00000000
      952  0.93333333  1.26547008
      953  1.00000000  2.00000000
      954  1.00000000  1.64664066
      955  1.00000000  1.64664066
      956  1.00000000  2.00000000
      957  0.93333333  1.62876767
      958  0.93333333  1.26547008
      959  0.93333333  0.90508568
      960  0.93333333  1.05362706
      961  0.93333333  1.05971404
      962  0.93333333  1.05362706
      963  0.93333333  2.00000000
      964  0.93333333  2.00000000
      965  0.93333333  1.62876767
      966  0.93333333  1.25040474
      967  0.93333333  1.62876767
      968  1.00000000  1.64664066
      969  1.00000000  1.64664066
      970  1.00000000  1.43349049
      971  1.00000000  1.64664066
      972  0.93333333  1.62876767
      973  0.93333333  0.85116515
      974  0.93333333  2.00000000
      975  0.93333333  1.62876767
      976  0.93333333  1.40832722
      977  0.93333333  2.00000000
      978  0.13333333  1.00000000
      979  0.86666667  1.60875644
      980  0.86666667  1.22677165
      981  0.86666667  1.00873574
      982  0.86666667  1.60875644
      983  0.86666667  1.60875644
      984  0.86666667  1.60875644
      985  0.80000000  1.58618315
      986  0.13333333  2.00000000
      987  0.13333333  2.00000000
      988  0.06666667  2.00000000
      989  0.13333333  1.00000000
      990  0.13333333  2.00000000
      991  0.86666667  1.38061781
      992  0.93333333  1.01477186
      993  1.00000000  2.00000000
      994  1.00000000  1.09441274
      995  0.93333333  2.00000000
      996  0.93333333  1.05362706
      997  0.93333333  1.40832722
      998  0.93333333  0.91076992
      999  0.93333333  1.62876767
     1000  0.93333333  1.25040474
     1001  0.86666667  1.60875644
     1002  1.00000000  2.00000000
     1003  1.00000000  0.89669259
     1004  1.00000000  2.00000000
     1005  1.00000000  1.64664066
     1006  0.86666667  0.76109874
     1007  1.00000000  1.64664066
     1008  1.00000000  0.76335926
     1009  1.00000000  1.09441274
     1010  0.13333333  1.00000000
     1011  0.13333333  1.00000000
     1012  0.33333333  1.27807191
     1013  0.93333333  1.01477186
     1014  0.93333333  1.05362706
     1015  0.93333333  1.40832722
     1016  0.93333333  0.70416361
     1017  0.93333333  0.85116515
     1018  0.93333333  0.70830800
     1019  0.93333333  2.00000000
     1020  0.93333333  1.62876767
     1021  0.93333333  2.00000000
     1022  0.80000000  1.18331091
     1023  0.86666667  2.00000000
     1024  0.86666667  0.76109874
     1025  0.93333333  2.00000000
     1026  0.93333333  1.05971404
     1027  0.93333333  0.80188258
     1028  0.93333333  1.62876767
     1029  0.93333333  2.00000000
     1030  0.93333333  1.40832722
     1031  0.93333333  1.62876767
     1032  1.00000000  1.64664066
     1033  1.00000000  2.00000000
     1034  0.53333333  1.45643556
     1035  0.40000000  2.00000000
     1036  1.00000000  1.27807191
     1037  1.00000000  1.43349049
     1038  0.73333333  1.56050301
     1039  0.66666667  1.53100441
     1040  0.66666667  2.00000000
     1041  0.13333333  1.00000000
     1042  1.00000000  2.00000000
     1043  1.00000000  2.00000000
     1044  1.00000000  1.09441274
     1045  1.00000000  2.00000000
     1046  1.00000000  2.00000000
     1047  1.00000000  1.09441274
     1048  1.00000000  0.72709440
     1049  1.00000000  1.64664066
     1050  1.00000000  1.08170417
     1051  1.00000000  1.64664066
     1052  1.00000000  1.43349049
     1053  1.00000000  2.00000000
     1054  1.00000000  1.64664066
     1055  1.00000000  1.64664066
     1056  1.00000000  1.64664066
     1057  1.00000000  1.30015716
     1058  1.00000000  2.00000000
     1059  1.00000000  1.64664066
     1060  1.00000000  1.64664066
     1061  1.00000000  1.64664066
     1062  1.00000000  1.64664066
     1063  1.00000000  1.16335926
     1064  1.00000000  2.00000000
     1065  1.00000000  1.64664066
     1066  1.00000000  2.00000000
     1067  1.00000000  1.64664066
     1068  1.00000000  2.00000000
     1069  1.00000000  2.00000000
     1070  1.00000000  2.00000000
     1071  1.00000000  2.00000000
     1072  1.00000000  2.00000000
     1073  1.00000000  1.64664066
     1074  1.00000000  1.64664066
     1075  1.00000000  1.64664066
     1076  1.00000000  2.00000000
     1077  1.00000000  1.64664066
     1078  1.00000000  1.43349049
     1079  1.00000000  1.64664066
     1080  1.00000000  1.43349049
     1081  1.00000000  1.64664066
     1082  1.00000000  1.64664066
     1083  1.00000000  1.30015716
     1084  1.00000000  1.64664066
     1085  1.00000000  2.00000000
     1086  1.00000000  2.00000000
     1087  1.00000000  1.64664066
     1088  1.00000000  2.00000000
     1089  0.93333333  0.51616829
     1090  0.93333333  1.62876767
     1091  0.93333333  0.07582565
     1092  0.93333333  1.62876767
     1093  0.93333333  1.62876767
     1094  0.93333333  1.62876767
     1095  0.13333333  2.00000000
     1096  0.13333333  1.00000000
     1097  0.13333333  1.00000000
     1098  0.86666667  1.60875644
     1099  0.86666667  1.38061781
     1100  0.86666667  1.60875644
     1101  0.86666667  2.00000000
     1102  0.86666667  0.45340644
     1103  0.86666667  0.76109874
     1104  0.86666667  1.22065016
     1105  0.86666667  0.22414105
     1106  0.86666667  0.70426220
     1107  1.00000000  2.00000000
     1108  0.93333333  2.00000000
     1109  0.93333333  1.62876767
     1110  0.93333333  1.62876767
     1111  0.93333333  1.05362706
     1112  0.93333333  1.62876767
     1113  0.93333333  1.40832722
     1114  0.93333333  1.40832722
     1115  0.93333333  1.62876767
     1116  0.93333333  1.40832722
     1117  0.93333333  2.00000000
     1118  0.93333333  1.62876767
     1119  0.93333333  1.62876767
     1120  1.00000000  1.30015716
     1121  1.00000000  2.00000000
     1122  1.00000000  0.62472063
     1123  1.00000000  1.08170417
     1124  1.00000000  2.00000000
     1125  1.00000000  1.16335926
     1126  1.00000000  1.43349049
     1127  1.00000000  2.00000000
     1128  1.00000000  1.64664066
     1129  1.00000000  2.00000000
     1130  1.00000000  1.64664066
     1131  1.00000000  1.64664066
     1132  1.00000000  1.64664066
     1133  1.00000000  1.64664066
     1134  1.00000000  1.64664066
     1135  1.00000000  0.76904044
     1136  1.00000000  1.43349049
     1137  1.00000000  1.43349049
     1138  1.00000000  1.27807191
     1139  1.00000000  0.96107940
     1140  1.00000000  1.43349049
     1141  1.00000000  1.64664066
     1142  1.00000000  1.30015716
     1143  1.00000000  2.00000000
     1144  1.00000000  1.09441274
     1145  1.00000000  1.43349049
     1146  1.00000000  2.00000000
     1147  1.00000000  2.00000000
     1148  1.00000000  2.00000000
     1149  1.00000000  2.00000000
     1150  1.00000000  1.43349049
     1151  0.20000000  1.08170417
     1152  0.20000000  2.00000000
     1153  1.00000000  1.64664066
     1154  1.00000000  0.39506441
     1155  1.00000000  0.66173107
     1156  1.00000000  1.43349049
     1157  1.00000000  2.00000000
     1158  1.00000000  1.64664066
     1159  1.00000000  1.27807191
     1160  1.00000000  2.00000000
     1161  1.00000000  1.08170417
     1162  1.00000000  1.43349049
     1163  1.00000000  1.16335926
     1164  1.00000000  1.43349049
     1165  1.00000000  1.64664066
     1166  1.00000000  1.30015716
     1167  1.00000000  1.09441274
     1168  1.00000000  0.31051773
     1169  1.00000000  1.64664066
     1170  1.00000000  1.64664066
     1171  1.00000000  2.00000000
     1172  1.00000000  1.64664066
     1173  1.00000000  1.27807191
     1174  1.00000000  1.64664066
     1175  1.00000000  1.16335926
     1176  1.00000000  0.66173107
     1177  1.00000000  1.30015716
     1178  1.00000000  1.43349049
     1179  1.00000000  1.43349049
     1180  1.00000000  1.64664066
     1181  1.00000000  1.43349049
     1182  1.00000000  1.27807191
     1183  1.00000000  2.00000000
     1184  1.00000000  1.43349049
     1185  1.00000000  2.00000000
     1186  0.93333333  1.40832722
     1187  0.93333333  1.40832722
     1188  1.00000000  2.00000000
     1189  1.00000000  0.84106147
     1190  1.00000000  1.09441274
     1191  1.00000000  0.96107940
     1192  0.93333333  0.71294597
     1193  1.00000000  0.89669259
     1194  1.00000000  1.64664066
     1195  1.00000000  1.64664066
     1196  1.00000000  1.02904941
     1197  1.00000000  2.00000000
     1198  1.00000000  1.64664066
     1199  1.00000000  1.30015716
     1200  1.00000000  2.00000000
     1201  1.00000000  2.00000000
     1202  1.00000000  2.00000000
     1203  1.00000000  2.00000000
     1204  1.00000000  1.64664066
     1205  1.00000000  1.64664066
     1206  1.00000000  0.75805397
     1207  1.00000000  0.60041877
     1208  1.00000000  1.64664066
     1209  1.00000000  1.64664066
     1210  1.00000000  1.16335926
     1211  1.00000000  1.27807191
     1212  1.00000000  1.16335926
     1213  1.00000000  0.71330733
     1214  1.00000000  1.30015716
     1215  1.00000000  1.64664066
     1216  1.00000000  1.64664066
     1217  1.00000000  1.64664066
     1218  1.00000000  1.64664066
     1219  1.00000000  1.27807191
     1220  1.00000000  0.76904044
     1221  0.86666667  1.60875644
     1222  0.86666667  1.00427255
     1223  0.93333333  1.00000000
     1224  1.00000000  1.43349049
     1225  0.93333333  0.42259372
     1226  1.00000000  1.64664066
     1227  1.00000000  2.00000000
     1228  1.00000000  1.64664066
     1229  1.00000000  1.09441274
     1230  1.00000000  1.64664066
     1231  1.00000000  1.00320837
     1232  1.00000000  1.43349049
     1233  1.00000000  1.30015716
     1234  1.00000000  1.27807191
     1235  1.00000000  1.43349049
     1236  1.00000000  1.64664066
     1237  1.00000000  2.00000000
     1238  1.00000000  0.60041877
     1239  1.00000000  1.09441274
     1240  1.00000000  0.62472063
     1241  1.00000000  1.27807191
     1242  1.00000000  0.54343524
     1243  1.00000000  0.94701842
     1244  1.00000000  1.00320837
     1245  0.93333333  1.40832722
     1246  1.00000000  1.43349049
     1247  1.00000000  1.30015716
     1248  1.00000000  1.43349049
     1249  1.00000000  2.00000000
     1250  1.00000000  1.64664066
     1251  1.00000000  1.30015716
     1252  0.86666667  2.00000000
     1253  0.86666667  0.68567951
     1254  0.86666667  2.00000000
     1255  0.86666667  1.60875644
     1256  0.86666667  1.60875644
     1257  0.80000000  0.08170417
     1258  1.00000000  1.43349049
     1259  1.00000000  1.27807191
     1260  1.00000000  1.43349049
     1261  1.00000000  1.64664066
     1262  1.00000000  1.30015716
     1263  1.00000000  0.62472063
     1264  0.93333333  2.00000000
     1265  1.00000000  2.00000000
     1266  0.93333333  1.40832722
     1267  0.93333333  1.40832722
     1268  0.86666667  0.47376509
     1269  1.00000000  0.44539024
     1270  1.00000000  0.57439480
     1271  1.00000000  1.27807191
     1272  1.00000000  0.31051773
     1273  1.00000000  1.64664066
     1274  1.00000000  1.64664066
     1275  1.00000000  2.00000000
     1276  1.00000000  1.09441274
     1277  1.00000000  0.76904044
     1278  1.00000000  0.21806294
     1279  1.00000000  1.02904941
     1280  0.80000000  1.58618315
     1281  0.13333333  1.00000000
     1282  1.00000000  0.94701842
     1283  1.00000000  1.64664066
     1284  1.00000000  2.00000000
     1285  1.00000000  2.00000000
     1286  1.00000000  1.27807191
     1287  1.00000000  0.52839774
     1288  1.00000000  1.30015716
     1289  1.00000000  1.08170417
     1290  1.00000000  2.00000000
     1291  1.00000000  1.64664066
     1292  1.00000000  1.09441274
     1293  1.00000000  0.57052670
     1294  0.86666667  0.85488959
     1295  0.93333333  1.62876767
     1296  0.93333333  1.40832722
     1297  0.93333333  1.26547008
     1298  0.93333333  1.62876767
     1299  0.93333333  1.62876767
     1300  0.93333333  0.57008883
     1301  0.93333333  0.62121651
     1302  1.00000000  1.64664066
     1303  1.00000000  1.09441274
     1304  1.00000000  1.16335926
     1305  1.00000000  1.64664066
     1306  1.00000000  2.00000000
     1307  1.00000000  1.43349049
     1308  0.93333333  0.73619083
     1309  0.93333333  0.85116515
     1310  0.93333333  2.00000000
     1311  1.00000000  1.30015716
     1312  1.00000000  1.64664066
     1313  0.93333333  1.26547008
     1314  1.00000000  1.64664066
     1315  0.86666667  1.38061781
     1316  0.86666667  1.60875644
     1317  0.86666667  2.00000000
     1318  0.86666667  2.00000000
     1319  0.86666667  1.60875644
     1320  0.13333333  1.00000000
     1321  0.13333333  2.00000000
     1322  0.80000000  1.18872188
     1323  1.00000000  1.27807191
     1324  1.00000000  2.00000000
     1325  1.00000000  1.30015716
     1326  1.00000000  1.02904941
     1327  1.00000000  1.27807191
     1328  1.00000000  1.30015716
     1329  1.00000000  1.64664066
     1330  1.00000000  1.64664066
     1331  1.00000000  1.02904941
     1332  1.00000000  1.43349049
     1333  1.00000000  1.64664066
     1334  1.00000000  1.08170417
     1335  1.00000000  1.30015716
     1336  1.00000000  2.00000000
     1337  0.60000000  2.00000000
     1338  0.93333333  1.00000000
     1339  0.93333333  0.70830800
     1340  1.00000000  2.00000000
     1341  1.00000000  1.64664066
     1342  0.93333333  1.40832722
     1343  0.86666667  1.00873574
     1344  0.86666667  0.68567951
     1345  1.00000000  1.02904941
     1346  1.00000000  1.43349049
     1347  1.00000000  1.43349049
     1348  1.00000000  1.43349049
     1349  1.00000000  1.64664066
     1350  1.00000000  1.00320837
     1351  1.00000000  1.64664066
     1352  1.00000000  1.64664066
     1353  1.00000000  1.64664066
     1354  1.00000000  1.30015716
     1355  1.00000000  0.46708544
     1356  1.00000000  1.08170417
     1357  1.00000000  1.08170417
     1358  1.00000000  1.64664066
     1359  1.00000000  0.76904044
     1360  1.00000000  1.16335926
     1361  1.00000000  1.43349049
     1362  1.00000000  0.96107940
     1363  1.00000000  0.57052670
     1364  0.93333333  1.62876767
     1365  1.00000000  1.30015716
     1366  0.93333333  2.00000000
     1367  0.13333333  1.00000000
     1368  0.13333333  1.00000000
     1369  0.66666667  2.00000000
     1370  0.66666667  2.00000000
     1371  1.00000000  2.00000000
     1372  1.00000000  1.64664066
     1373  1.00000000  2.00000000
     1374  1.00000000  0.62472063
     1375  1.00000000  1.64664066
     1376  1.00000000  0.49417690
     1377  0.13333333  1.00000000
     1378  0.13333333  1.00000000
     1379  0.13333333  2.00000000
     1380  0.13333333  1.00000000
     1381  0.13333333  1.00000000
     1382  1.00000000  2.00000000
     1383  1.00000000  0.72709440
     1384  1.00000000  2.00000000
     1385  1.00000000  1.30015716
     1386  1.00000000  2.00000000
     1387  1.00000000  1.43349049
     1388  1.00000000  1.43349049
     1389  1.00000000  1.64664066
     1390  1.00000000  1.30015716
     1391  1.00000000  1.09441274
     1392  1.00000000  1.08170417
     1393  1.00000000  1.64664066
     1394  1.00000000  2.00000000
     1395  1.00000000  1.30015716
     1396  1.00000000  1.64664066
     1397  1.00000000  0.76904044
     1398  1.00000000  1.43349049
     1399  1.00000000  1.43349049
     1400  1.00000000  1.02904941
     1401  1.00000000  2.00000000
     1402  1.00000000  1.08170417
     1403  1.00000000  1.64664066
     1404  1.00000000  2.00000000
     1405  0.66666667  1.27807191
     1406  0.93333333  2.00000000
     1407  0.93333333  1.26547008
     1408  1.00000000  1.64664066
     1409  1.00000000  1.27807191
     1410  1.00000000  1.64664066
     1411  1.00000000  1.64664066
     1412  1.00000000  0.72709440
     1413  1.00000000  0.60041877
     1414  1.00000000  1.08170417
     1415  1.00000000  1.16335926
     1416  1.00000000  1.02904941
     1417  1.00000000  1.64664066
     1418  1.00000000  1.27807191
     1419  1.00000000  0.66173107
     1420  1.00000000  1.64664066
     1421  1.00000000  0.72709440
     1422  1.00000000  1.00320837
     1423  0.86666667  0.70426220
     1424  0.93333333  1.62876767
     1425  0.93333333  0.51616829
     1426  0.73333333  0.65141210
     1427  0.80000000  1.58618315
     1428  1.00000000  1.30015716
     1429  1.00000000  1.64664066
     1430  1.00000000  1.43349049
     1431  1.00000000  2.00000000
     1432  1.00000000  0.94701842
     1433  1.00000000  1.09441274
     1434  1.00000000  1.00320837
     1435  1.00000000  0.94701842
     1436  1.00000000  1.16335926
     1437  1.00000000  0.94701842
     1438  1.00000000  0.60041877
     1439  1.00000000  0.21806294
     1440  1.00000000  1.64664066
     1441  1.00000000  1.30015716
     1442  0.93333333  1.62876767
     1443  0.93333333  1.62876767
     1444  0.93333333  1.40832722
     1445  0.86666667  1.38061781
     1446  0.86666667  2.00000000
     1447  0.86666667  0.70426220
     1448  0.86666667  2.00000000
     1449  0.86666667  1.03876340
     1450  0.86666667  2.00000000
     1451  0.93333333  1.26547008
     1452  1.00000000  0.60041877
     1453  1.00000000  0.71330733
     1454  1.00000000  0.16773710
     1455  1.00000000  1.64664066
     1456  1.00000000  2.00000000
     1457  1.00000000  1.30015716
     1458  1.00000000  1.08170417
     1459  1.00000000  0.76904044
     1460  1.00000000  1.27807191
     1461  0.73333333  0.65141210
     1462  1.00000000  2.00000000
     1463  1.00000000  1.64664066
     1464  1.00000000  1.27807191
     1465  1.00000000  1.64664066
     1466  1.00000000  2.00000000
     1467  1.00000000  1.30015716
     1468  1.00000000  1.64664066
     1469  1.00000000  2.00000000
     1470  1.00000000  1.43349049
     1471  1.00000000  1.43349049
     1472  1.00000000  1.64664066
     1473  1.00000000  2.00000000
     1474  1.00000000  2.00000000
     1475  1.00000000  0.94701842
     1476  1.00000000  0.71330733
     1477  1.00000000  1.64664066
     1478  0.66666667  1.07807191
     1479  0.66666667  1.53100441
     1480  0.66666667  1.07807191
     1481  1.00000000  1.30015716
     1482  1.00000000  0.43440377
     1483  1.00000000  1.30015716
     1484  1.00000000  0.49417690
     1485  1.00000000  1.02904941
     1486  1.00000000  0.76904044
     1487  1.00000000  1.64664066
     1488  1.00000000  1.64664066
     1489  0.73333333  0.90420474
     1490  0.93333333  1.40832722
     1491  1.00000000  1.30015716
     1492  1.00000000  1.64664066
     1493  1.00000000  0.62472063
     1494  1.00000000  1.00320837
     1495  1.00000000  0.72709440
     1496  1.00000000  1.64664066
     1497  1.00000000  1.16335926
     1498  1.00000000  1.43349049
     1499  1.00000000  2.00000000
     1500  1.00000000  1.27807191
     1501  1.00000000  1.64664066
     1502  1.00000000  1.43349049
     1503  1.00000000  1.30015716
     1504  1.00000000  1.30015716
     1505  1.00000000  1.09441274
     1506  1.00000000  0.94701842
     1507  1.00000000  1.64664066
     1508  1.00000000  0.76904044
     1509  1.00000000  1.30015716
     1510  0.80000000  1.02013124
     1511  0.80000000  1.18872188
     1512  0.20000000  2.00000000
     1513  1.00000000  1.27807191
     1514  1.00000000  0.94701842
     1515  1.00000000  0.21806294
     1516  1.00000000  0.94701842
     1517  1.00000000  1.16335926
     1518  1.00000000  1.30015716
     1519  1.00000000  1.64664066
     1520  1.00000000  1.43349049
     1521  1.00000000  1.09441274
     1522  1.00000000  0.72709440
     1523  1.00000000  0.84106147
     1524  0.93333333  2.00000000
     1525  0.80000000  1.58618315
     1526  0.93333333  1.40832722
     1527  0.93333333  1.62876767
     1528  0.93333333  1.25040474
     1529  0.93333333  1.01477186
     1530  0.93333333  0.51616829
     1531  0.93333333  0.70416361
     1532  0.93333333  1.62876767
     1533  0.93333333  1.25040474
     1534  0.86666667  0.38566916
     1535  0.86666667  1.03876340
     1536  0.86666667  0.17375474
     1537  0.86666667  1.38061781
     1538  0.86666667  1.60875644
     1539  0.86666667  2.00000000
     1540  1.00000000  1.02904941
     1541  1.00000000  1.43349049
     1542  1.00000000  0.76335926
     1543  1.00000000  0.43719337
     1544  1.00000000  0.94701842
     1545  1.00000000  0.72709440
     1546  1.00000000  0.60041877
     1547  0.86666667  1.60875644
     1548  0.86666667  1.22065016
     1549  0.86666667  0.70426220
     1550  0.60000000  1.01357327
     1551  0.80000000  1.34997758
     1552  1.00000000  0.71330733
     1553  1.00000000  1.64664066
     1554  1.00000000  1.64664066
     1555  1.00000000  1.16335926
     1556  0.93333333  2.00000000
     1557  0.93333333  1.62876767
     1558  0.86666667  1.22065016
     1559  0.86666667  0.76109874
     1560  0.86666667  0.76109874
     1561  0.93333333  0.70416361
     1562  1.00000000  1.09441274
     1563  1.00000000  1.02904941
     1564  1.00000000  0.75805397
     1565  1.00000000  1.30015716
     1566  1.00000000  1.30015716
     1567  1.00000000  2.00000000
     1568  1.00000000  1.30015716
     1569  1.00000000  1.27807191
     1570  1.00000000  2.00000000
     1571  1.00000000  1.16335926
     1572  1.00000000  0.72709440
     1573  1.00000000  1.09441274
     1574  0.53333333  0.09436094
     1575  0.53333333  0.93872188
     1576  0.33333333  2.00000000
     1577  0.86666667  1.60875644
     1578  0.86666667  0.16607278
     1579  0.86666667  1.03876340
     1580  0.86666667  0.42659755
     1581  0.86666667  1.38061781
     1582  0.86666667  0.68567951
     1583  0.80000000  2.00000000
     1584  0.80000000  1.58618315
     1585  0.80000000  1.18331091
     1586  0.80000000  1.18331091
     1587  0.86666667  0.42659755
     1588  0.86666667  1.22677165
     1589  0.86666667  1.22677165
     1590  0.93333333  1.05971404
     1591  0.93333333  1.62876767
     1592  0.93333333  1.26547008
     1593  0.93333333  2.00000000
     1594  0.93333333  2.00000000
     1595  1.00000000  1.64664066
     1596  1.00000000  1.64664066
     1597  1.00000000  1.43349049
     1598  1.00000000  1.27807191
     1599  0.93333333  1.05362706
     1600  0.93333333  1.25040474
     1601  0.93333333  1.26547008
     1602  0.93333333  1.40832722
     1603  0.93333333  1.00000000
     1604  0.93333333  1.26547008
     1605  0.93333333  0.27260333
     1606  0.93333333  1.25040474
     1607  1.00000000  1.64664066
     1608  1.00000000  2.00000000
     1609  1.00000000  2.00000000
     1610  0.13333333  1.00000000
     1611  1.00000000  0.54343524
     1612  1.00000000  1.30015716
     1613  1.00000000  1.09441274
     1614  1.00000000  1.43349049
     1615  1.00000000  1.09441274
     1616  1.00000000  1.30015716
     1617  1.00000000  2.00000000
     1618  1.00000000  1.09441274
     1619  1.00000000  1.64664066
     1620  1.00000000  1.64664066
     1621  1.00000000  1.09441274
     1622  1.00000000  0.84106147
     1623  1.00000000  2.00000000
     1624  1.00000000  2.00000000
     1625  1.00000000  0.76904044
     1626  1.00000000  1.08170417
     1627  1.00000000  2.00000000
     1628  1.00000000  1.64664066
     1629  1.00000000  2.00000000
     1630  1.00000000  1.64664066
     1631  1.00000000  1.64664066
     1632  1.00000000  2.00000000
     1633  1.00000000  2.00000000
     1634  1.00000000  1.64664066
     1635  1.00000000  2.00000000
     1636  1.00000000  1.30015716
     1637  1.00000000  2.00000000
     1638  0.93333333  1.62876767
     1639  0.93333333  1.25040474
     1640  1.00000000  2.00000000
     1641  1.00000000  1.64664066
     1642  1.00000000  2.00000000
     1643  1.00000000  1.43349049
     1644  1.00000000  2.00000000
     1645  1.00000000  1.64664066
     1646  1.00000000  2.00000000
     1647  1.00000000  1.64664066
     1648  1.00000000  2.00000000
     1649  1.00000000  2.00000000
     1650  1.00000000  0.94701842
     1651  1.00000000  1.64664066
     1652  1.00000000  2.00000000
     1653  1.00000000  1.64664066
     1654  1.00000000  1.30015716
     1655  1.00000000  2.00000000
     1656  1.00000000  1.64664066
     1657  1.00000000  2.00000000
     1658  1.00000000  2.00000000
     1659  1.00000000  2.00000000
     1660  1.00000000  1.64664066
     1661  1.00000000  1.64664066
     1662  1.00000000  1.64664066
     1663  1.00000000  1.64664066
     1664  1.00000000  2.00000000
     1665  1.00000000  1.43349049
     1666  1.00000000  2.00000000
     1667  1.00000000  2.00000000
     1668  1.00000000  2.00000000
     1669  1.00000000  1.64664066
     1670  1.00000000  2.00000000
     1671  1.00000000  1.64664066
     1672  1.00000000  2.00000000
     1673  1.00000000  1.64664066
     1674  1.00000000  1.64664066
     1675  1.00000000  1.64664066
     1676  1.00000000  2.00000000
     1677  1.00000000  1.64664066
     1678  1.00000000  2.00000000
     1679  1.00000000  2.00000000
     1680  1.00000000  2.00000000
     1681  1.00000000  2.00000000
     1682  1.00000000  2.00000000
     1683  1.00000000  1.30015716
     1684  1.00000000  2.00000000
     1685  1.00000000  1.64664066
     1686  1.00000000  2.00000000
     1687  1.00000000  2.00000000
     1688  1.00000000  1.64664066
     1689  1.00000000  2.00000000
     1690  1.00000000  1.64664066
     1691  1.00000000  2.00000000
     1692  1.00000000  2.00000000
     1693  1.00000000  1.64664066
     1694  1.00000000  2.00000000
     1695  1.00000000  1.64664066
     1696  1.00000000  2.00000000
     1697  1.00000000  2.00000000
     1698  1.00000000  2.00000000
     1699  1.00000000  1.64664066
     1700  1.00000000  2.00000000
     1701  1.00000000  2.00000000
     1702  1.00000000  0.72709440
     1703  1.00000000  0.89669259
     1704  1.00000000  2.00000000
     1705  1.00000000  2.00000000
     1706  1.00000000  2.00000000
     1707  1.00000000  2.00000000
     1708  1.00000000  1.64664066
     1709  1.00000000  1.64664066
     1710  1.00000000  1.64664066
     1711  1.00000000  2.00000000
     1712  1.00000000  2.00000000
     1713  1.00000000  1.09441274
     1714  1.00000000  1.64664066
     1715  1.00000000  1.64664066
     1716  1.00000000  1.08170417
     1717  1.00000000  2.00000000
     1718  1.00000000  1.64664066
     1719  1.00000000  1.43349049
     1720  0.13333333  2.00000000
     1721  0.13333333  1.00000000
     1722  1.00000000  1.43349049
     1723  1.00000000  1.64664066
     1724  1.00000000  1.64664066
     1725  1.00000000  1.64664066
     1726  1.00000000  1.64664066
     1727  1.00000000  1.27807191
     1728  1.00000000  1.43349049
     1729  1.00000000  1.30015716
     1730  1.00000000  2.00000000
     1731  1.00000000  1.64664066
     1732  1.00000000  1.09441274
     1733  1.00000000  1.64664066
     1734  1.00000000  1.64664066
     1735  1.00000000  2.00000000
     1736  1.00000000  0.76904044
     1737  1.00000000  1.30015716
     1738  1.00000000  2.00000000
     1739  1.00000000  1.09441274
     1740  1.00000000  2.00000000
     1741  1.00000000  1.64664066
     1742  1.00000000  2.00000000
     1743  1.00000000  1.64664066
     1744  1.00000000  1.64664066
     1745  1.00000000  2.00000000
     1746  1.00000000  2.00000000
     1747  1.00000000  2.00000000
     1748  1.00000000  2.00000000
     1749  1.00000000  1.64664066
     1750  1.00000000  1.64664066
     1751  1.00000000  1.16335926
     1752  1.00000000  1.43349049
     1753  1.00000000  1.64664066
     1754  0.46666667  0.62121651
     1755  1.00000000  2.00000000
     1756  1.00000000  0.72709440
     1757  1.00000000  0.76904044
     1758  1.00000000  1.64664066
     1759  1.00000000  1.64664066
     1760  1.00000000  0.72709440
     1761  1.00000000  1.27807191
     1762  1.00000000  0.84106147
     1763  1.00000000  1.64664066
     1764  1.00000000  0.84106147
     1765  1.00000000  1.27807191
     1766  1.00000000  1.43349049
     1767  1.00000000  1.64664066
     1768  1.00000000  1.43349049
     1769  1.00000000  1.64664066
     1770  1.00000000  2.00000000
     1771  1.00000000  1.64664066
     1772  1.00000000  0.75805397
     1773  1.00000000  2.00000000
     1774  1.00000000  2.00000000
     1775  1.00000000  1.64664066
     1776  1.00000000  1.43349049
     1777  1.00000000  0.66173107
     1778  0.20000000  1.08170417
     1779  0.20000000  1.08170417
     1780  0.20000000  1.08170417
     1781  0.26666667  1.18872188
     1782  0.93333333  1.26547008
     1783  0.93333333  1.26547008
     1784  0.93333333  0.90508568
     1785  0.93333333  1.26547008
     1786  0.93333333  1.62876767
     1787  0.93333333  1.40832722
     1788  0.93333333  0.91076992
     1789  0.93333333  1.05971404
     1790  1.00000000  0.57052670
     1791  1.00000000  1.64664066
     1792  1.00000000  1.64664066
     1793  1.00000000  0.76904044
     1794  0.93333333  0.56843972
     1795  1.00000000  1.64664066
     1796  1.00000000  2.00000000
     1797  1.00000000  1.64664066
     1798  1.00000000  1.30015716
     1799  1.00000000  2.00000000
     1800  0.93333333  1.13687943
     1801  1.00000000  1.00320837
     1802  1.00000000  1.43349049
     1803  1.00000000  1.64664066
     1804  1.00000000  1.08170417
     1805  1.00000000  1.64664066
     1806  1.00000000  1.27807191
     1807  1.00000000  1.30015716
     1808  1.00000000  0.52839774
     1809  1.00000000  2.00000000
     1810  1.00000000  1.16335926
     1811  1.00000000  2.00000000
     1812  1.00000000  0.46708544
     1813  1.00000000  0.31051773
     1814  0.93333333  1.40832722
     1815  1.00000000  1.30015716
     1816  1.00000000  1.27807191
     1817  1.00000000  1.02904941
     1818  1.00000000  1.09441274
     1819  1.00000000  1.64664066
     1820  1.00000000  0.62472063
     1821  1.00000000  2.00000000
     1822  1.00000000  1.43349049
     1823  1.00000000  1.64664066
     1824  1.00000000  2.00000000
     1825  1.00000000  1.43349049
     1826  1.00000000  1.64664066
     1827  1.00000000  1.30015716
     1828  1.00000000  0.72709440
     1829  1.00000000  1.30015716
     1830  1.00000000  0.31051773
     1831  1.00000000  1.09441274
     1832  1.00000000  1.43349049
     1833  0.86666667  0.76109874
     1834  1.00000000  0.72709440
     1835  1.00000000  1.08170417
     1836  1.00000000  1.08170417
     1837  1.00000000  1.27807191
     1838  1.00000000  1.43349049
     1839  1.00000000  1.09441274
     1840  1.00000000  1.09441274
     1841  1.00000000  1.43349049
     1842  1.00000000  2.00000000
     1843  1.00000000  1.30015716
     1844  1.00000000  2.00000000
     1845  1.00000000  1.30015716
     1846  1.00000000  1.43349049
     1847  1.00000000  2.00000000
     1848  1.00000000  2.00000000
     1849  0.93333333  1.13687943
     1850  0.60000000  1.23579549
     1851  0.13333333  1.00000000
     1852  0.13333333  1.00000000
     1853  0.13333333  2.00000000
     1854  0.26666667  0.50000000
     1855  0.93333333  1.01477186
     1856  0.93333333  1.62876767
     1857  1.00000000  1.64664066
     1858  1.00000000  2.00000000
     1859  1.00000000  2.00000000
     1860  1.00000000  1.64664066
     1861  1.00000000  1.64664066
     1862  1.00000000  2.00000000
     1863  1.00000000  2.00000000
     1864  1.00000000  2.00000000
     1865  1.00000000  1.64664066
     1866  1.00000000  1.64664066
     1867  1.00000000  1.43349049
     1868  1.00000000  1.64664066
     1869  1.00000000  1.64664066
     1870  1.00000000  1.09441274
     1871  1.00000000  2.00000000
     1872  0.20000000  0.41503750
     1873  1.00000000  2.00000000
     1874  1.00000000  1.43349049
     1875  1.00000000  1.64664066
     1876  1.00000000  2.00000000
     1877  1.00000000  2.00000000
     1878  1.00000000  2.00000000
     1879  1.00000000  1.09441274
     1880  1.00000000  1.64664066
     1881  1.00000000  2.00000000
     1882  1.00000000  2.00000000
     1883  1.00000000  1.64664066
     1884  1.00000000  2.00000000
     1885  1.00000000  1.64664066
     1886  1.00000000  1.43349049
     1887  1.00000000  2.00000000
     1888  1.00000000  1.64664066
     1889  1.00000000  1.64664066
     1890  1.00000000  1.64664066
     1891  1.00000000  1.64664066
     1892  1.00000000  2.00000000
     1893  1.00000000  2.00000000
     1894  1.00000000  1.64664066
     1895  1.00000000  1.64664066
     1896  1.00000000  1.64664066
     1897  1.00000000  1.09441274
     1898  1.00000000  1.30015716
     1899  1.00000000  1.64664066
     1900  1.00000000  2.00000000
     1901  1.00000000  2.00000000
     1902  1.00000000  2.00000000
     1903  1.00000000  2.00000000
     1904  1.00000000  2.00000000
     1905  1.00000000  2.00000000
     1906  1.00000000  1.64664066
     1907  1.00000000  1.64664066
     1908  1.00000000  2.00000000
     1909  1.00000000  2.00000000
     1910  1.00000000  1.64664066
     1911  1.00000000  1.64664066
     1912  1.00000000  2.00000000
     1913  1.00000000  2.00000000
     1914  1.00000000  1.64664066
     1915  1.00000000  2.00000000
     1916  1.00000000  1.64664066
     1917  1.00000000  1.64664066
     1918  1.00000000  2.00000000
     1919  1.00000000  2.00000000
     1920  1.00000000  2.00000000
     1921  1.00000000  2.00000000
     1922  1.00000000  2.00000000
     1923  1.00000000  2.00000000
     1924  1.00000000  2.00000000
     1925  1.00000000  2.00000000
     1926  1.00000000  1.64664066
     1927  1.00000000  2.00000000
     1928  1.00000000  2.00000000
     1929  1.00000000  2.00000000
     1930  1.00000000  1.64664066
     1931  1.00000000  2.00000000
     1932  0.93333333  1.40832722
     1933  1.00000000  1.64664066
     1934  1.00000000  1.64664066
     1935  1.00000000  2.00000000
     1936  1.00000000  2.00000000
     1937  1.00000000  2.00000000
     1938  1.00000000  1.64664066
     1939  1.00000000  2.00000000
     1940  1.00000000  2.00000000
     1941  1.00000000  2.00000000
     1942  1.00000000  2.00000000
     1943  1.00000000  2.00000000
     1944  1.00000000  1.64664066
     1945  1.00000000  1.64664066
     1946  1.00000000  2.00000000
     1947  1.00000000  1.64664066
     1948  1.00000000  2.00000000
     1949  1.00000000  2.00000000
     1950  1.00000000  1.64664066
     1951  1.00000000  1.64664066
     1952  1.00000000  2.00000000
     1953  1.00000000  1.64664066
     1954  1.00000000  1.64664066
     1955  1.00000000  2.00000000
     1956  1.00000000  1.64664066
     1957  1.00000000  1.64664066
     1958  1.00000000  2.00000000
     1959  1.00000000  1.64664066
     1960  1.00000000  2.00000000
     1961  1.00000000  2.00000000
     1962  1.00000000  2.00000000
     1963  1.00000000  1.30015716
     1964  1.00000000  0.84106147
     1965  1.00000000  2.00000000
     1966  1.00000000  1.09441274
     1967  1.00000000  2.00000000
     1968  1.00000000  1.64664066
     1969  1.00000000  1.64664066
     1970  1.00000000  1.64664066
     1971  1.00000000  2.00000000
     1972  1.00000000  2.00000000
     1973  1.00000000  1.64664066
     1974  1.00000000  1.30015716
     1975  1.00000000  1.64664066
     1976  1.00000000  2.00000000
     1977  1.00000000  2.00000000
     1978  1.00000000  1.64664066
     1979  1.00000000  2.00000000
     1980  1.00000000  1.43349049
     1981  1.00000000  2.00000000
     1982  1.00000000  1.08170417
     1983  1.00000000  1.64664066
     1984  1.00000000  2.00000000
     1985  1.00000000  2.00000000
     1986  1.00000000  2.00000000
     1987  1.00000000  2.00000000
     1988  1.00000000  2.00000000
     1989  1.00000000  2.00000000
     1990  1.00000000  1.64664066
     1991  1.00000000  1.64664066
     1992  1.00000000  1.64664066
     1993  1.00000000  2.00000000
     1994  1.00000000  2.00000000
     1995  1.00000000  2.00000000
     1996  1.00000000  1.64664066
     1997  1.00000000  2.00000000
     1998  1.00000000  1.30015716
     1999  1.00000000  2.00000000
     2000  1.00000000  2.00000000
     2001  1.00000000  1.64664066
     2002  1.00000000  2.00000000
     2003  1.00000000  1.64664066
     2004  1.00000000  2.00000000
     2005  1.00000000  2.00000000
     2006  1.00000000  2.00000000
     2007  1.00000000  0.94701842
     2008  1.00000000  2.00000000
     2009  1.00000000  2.00000000
     2010  1.00000000  2.00000000
     2011  1.00000000  1.64664066
     2012  1.00000000  1.64664066
     2013  1.00000000  1.64664066
     2014  1.00000000  2.00000000
     2015  1.00000000  1.64664066
     2016  1.00000000  1.43349049
     2017  0.86666667  1.38061781
     2018  0.86666667  1.60875644
     2019  1.00000000  1.64664066
     2020  1.00000000  2.00000000
     2021  1.00000000  1.43349049
     2022  1.00000000  2.00000000
     2023  1.00000000  1.30015716
     2024  1.00000000  1.64664066
     2025  1.00000000  2.00000000
     2026  1.00000000  1.64664066
     2027  1.00000000  2.00000000
     2028  1.00000000  1.64664066
     2029  1.00000000  2.00000000
     2030  1.00000000  1.64664066
     2031  1.00000000  1.64664066
     2032  1.00000000  2.00000000
     2033  1.00000000  1.64664066
     2034  1.00000000  2.00000000
     2035  1.00000000  2.00000000
     2036  1.00000000  2.00000000
     2037  1.00000000  1.64664066
     2038  1.00000000  1.30015716
     2039  1.00000000  2.00000000
     2040  1.00000000  2.00000000
     2041  1.00000000  2.00000000
     2042  1.00000000  1.64664066
     2043  1.00000000  2.00000000
     2044  1.00000000  1.64664066
     2045  1.00000000  1.64664066
     2046  1.00000000  1.64664066
     2047  1.00000000  1.64664066
     2048  1.00000000  1.64664066
     2049  1.00000000  1.64664066
     2050  1.00000000  2.00000000
     2051  1.00000000  1.64664066
     2052  1.00000000  2.00000000
     2053  1.00000000  2.00000000
     2054  1.00000000  1.64664066
     2055  1.00000000  1.43349049
     2056  1.00000000  1.64664066
     2057  1.00000000  2.00000000
     2058  1.00000000  1.64664066
     2059  1.00000000  1.64664066
     2060  1.00000000  1.64664066
     2061  1.00000000  1.64664066
     2062  1.00000000  2.00000000
     2063  1.00000000  2.00000000
     2064  1.00000000  2.00000000
     2065  1.00000000  2.00000000
     2066  0.93333333  1.40832722
     2067  1.00000000  1.64664066
     2068  1.00000000  2.00000000
     2069  1.00000000  1.64664066
     2070  1.00000000  2.00000000
     2071  0.13333333  1.00000000
     2072  0.13333333  1.00000000
     2073  0.13333333  1.00000000
     2074  0.86666667  1.22677165
     2075  0.86666667  1.22065016
     2076  0.93333333  1.62876767
     2077  0.93333333  1.40832722
     2078  0.93333333  1.13687943
     2079  0.13333333  1.00000000
     2080  0.13333333  1.00000000
     2081  0.13333333  1.00000000
     2082  0.60000000  2.00000000
     2083  0.93333333  1.26547008
     2084  0.93333333  2.00000000
     2085  0.93333333  1.26547008
     2086  0.93333333  1.26547008
     2087  0.93333333  2.00000000
     2088  0.93333333  0.90508568
     2089  0.93333333  2.00000000
     2090  0.93333333  0.73619083
     2091  0.93333333  1.62876767
     2092  0.93333333  1.01477186
     2093  0.13333333  1.00000000
     2094  0.93333333  1.00000000
     2095  0.93333333  1.40832722
     2096  0.93333333  1.40832722
     2097  0.93333333  0.70830800
     2098  0.86666667  1.38061781
     2099  0.86666667  2.00000000
     2100  0.86666667  0.53951532
     2101  0.20000000  1.08170417
     2102  0.13333333  2.00000000
     2103  0.13333333  2.00000000
     2104  0.13333333  1.00000000
     2105  0.13333333  1.00000000
     2106  0.93333333  1.62876767
     2107  0.93333333  1.01477186
     2108  0.93333333  1.26547008
     2109  0.93333333  1.62876767
     2110  0.93333333  0.70830800
     2111  0.93333333  1.40832722
     2112  0.20000000  1.08170417
     2113  0.93333333  1.40832722
     2114  0.93333333  0.16476225
     2115  0.93333333  1.05362706
     2116  0.93333333  1.01477186
     2117  0.93333333  1.40832722
     2118  0.86666667  1.38061781
     2119  0.93333333  0.56843972
     2120  0.93333333  0.16476225
     2121  0.93333333  1.40832722
     2122  0.93333333  1.26547008
     2123  0.93333333  1.40832722
     2124  0.93333333  1.40832722
     2125  0.93333333  1.62876767
     2126  0.93333333  1.26547008
     2127  0.93333333  1.62876767
     2128  0.93333333  1.05971404
     2129  0.93333333  0.50738593
     2130  0.93333333  1.62876767
     2131  0.93333333  0.80188258
     2132  0.93333333  1.62876767
     2133  0.86666667  1.03876340
     2134  0.93333333  1.40832722
     2135  0.93333333  1.62876767
     2136  0.93333333  1.25040474
     2137  0.13333333  1.00000000
     2138  0.13333333  1.00000000
     2139  1.00000000  0.66173107
     2140  1.00000000  1.30015716
     2141  1.00000000  2.00000000
     2142  1.00000000  1.30015716
     2143  1.00000000  1.27807191
     2144  0.93333333  1.25040474
     2145  0.93333333  1.62876767
     2146  0.93333333  1.62876767
     2147  0.93333333  0.73619083
     2148  0.86666667  1.38061781

