# Information content per column (bits):
# Alignment file: Data_input/Bioinformatics_Pipeline/Step_5_Clustering/Full_MSA_clustered95/HOTAIR_full_MSA_clustered95_aligned.aln
# Alignment idx:  1
# Number of sequences: 28
# Sequence weights from alignment were ignored (if they existed).
#
#  alnpos  freqnongap  info(bits)
# -------  ----------  ----------
        1  0.85714286  1.75011771
        2  0.92857143  1.60875644
        3  0.92857143  1.48405307
        4  0.92857143  1.37809586
        5  0.92857143  1.10700464
        6  0.92857143  2.00000000
        7  0.92857143  1.60875644
        8  0.92857143  1.76480662
        9  0.92857143  2.00000000
       10  0.92857143  2.00000000
       11  0.92857143  0.80437822
       12  0.92857143  1.06941387
       13  0.92857143  1.76480662
       14  0.92857143  2.00000000
       15  0.92857143  2.00000000
       16  0.03571429  2.00000000
       17  0.92857143  2.00000000
       18  0.92857143  2.00000000
       19  0.92857143  1.76480662
       20  0.92857143  0.89438760
       21  0.92857143  2.00000000
       22  0.92857143  2.00000000
       23  0.92857143  2.00000000
       24  0.92857143  2.00000000
       25  0.10714286  2.00000000
       26  0.10714286  2.00000000
       27  0.10714286  2.00000000
       28  0.10714286  2.00000000
       29  0.10714286  2.00000000
       30  0.92857143  2.00000000
       31  0.92857143  1.00427255
       32  0.92857143  2.00000000
       33  0.92857143  2.00000000
       34  0.92857143  1.60875644
       35  0.92857143  1.29372591
       36  0.92857143  2.00000000
       37  0.92857143  2.00000000
       38  0.92857143  2.00000000
       39  0.92857143  2.00000000
       40  0.92857143  1.60875644
       41  0.92857143  2.00000000
       42  0.92857143  1.10950836
       43  0.92857143  2.00000000
       44  0.92857143  2.00000000
       45  0.92857143  2.00000000
       46  0.92857143  2.00000000
       47  0.92857143  1.60875644
       48  0.92857143  1.76480662
       49  0.92857143  1.76480662
       50  0.92857143  1.76480662
       51  0.92857143  1.01714131
       52  0.92857143  2.00000000
       53  0.92857143  2.00000000
       54  0.92857143  2.00000000
       55  0.92857143  2.00000000
       56  0.92857143  1.37809586
       57  0.39285714  2.00000000
       58  0.92857143  0.89520906
       59  0.92857143  2.00000000
       60  0.92857143  2.00000000
       61  0.92857143  1.53183336
       62  0.92857143  0.49796472
       63  0.92857143  1.60875644
       64  0.92857143  1.48405307
       65  0.92857143  2.00000000
       66  0.92857143  1.48405307
       67  0.96428571  1.77146186
       68  0.96428571  1.54497934
       69  0.96428571  1.49674167
       70  0.96428571  2.00000000
       71  0.96428571  2.00000000
       72  0.96428571  1.49674167
       73  0.96428571  1.77146186
       74  0.96428571  2.00000000
       75  0.07142857  2.00000000
       76  0.96428571  1.77146186
       77  0.96428571  1.02488094
       78  0.92857143  2.00000000
       79  0.92857143  2.00000000
       80  0.92857143  2.00000000
       81  0.92857143  1.48405307
       82  0.92857143  2.00000000
       83  0.92857143  1.53183336
       84  0.92857143  1.29372591
       85  0.92857143  2.00000000
       86  0.92857143  1.76480662
       87  0.92857143  1.60875644
       88  0.92857143  1.38061781
       89  0.92857143  2.00000000
       90  0.92857143  1.10950836
       91  0.96428571  2.00000000
       92  0.96428571  2.00000000
       93  0.96428571  2.00000000
       94  0.96428571  2.00000000
       95  0.96428571  2.00000000
       96  0.96428571  2.00000000
       97  0.96428571  1.24666528
       98  0.96428571  1.39481342
       99  0.96428571  1.77146186
      100  0.96428571  2.00000000
      101  0.96428571  1.77146186
      102  0.96428571  1.00098973
      103  0.96428571  1.77146186
      104  0.96428571  2.00000000
      105  0.96428571  1.61905341
      106  0.96428571  1.49674167
      107  0.96428571  2.00000000
      108  0.96428571  0.80849889
      109  0.96428571  1.49674167
      110  0.96428571  2.00000000
      111  0.96428571  2.00000000
      112  0.89285714  2.00000000
      113  0.89285714  2.00000000
      114  0.89285714  0.56037246
      115  0.89285714  1.36044363
      116  0.89285714  0.48385234
      117  0.89285714  2.00000000
      118  0.89285714  1.14454919
      119  0.89285714  0.52115446
      120  0.03571429  2.00000000
      121  0.71428571  2.00000000
      122  0.96428571  1.77146186
      123  0.96428571  1.02488094
      124  0.96428571  2.00000000
      125  0.96428571  1.61905341
      126  0.96428571  2.00000000
      127  0.96428571  1.49674167
      128  0.96428571  1.77146186
      129  0.96428571  1.39470879
      130  0.96428571  0.62012236
      131  0.96428571  1.00892394
      132  0.96428571  1.00892394
      133  0.96428571  1.61905341
      134  0.96428571  1.77146186
      135  0.96428571  1.39470879
      136  0.96428571  2.00000000
      137  0.96428571  1.54497934
      138  0.03571429  2.00000000
      139  0.14285714  2.00000000
      140  0.21428571  1.08170417
      141  0.25000000  2.00000000
      142  0.85714286  2.00000000
      143  0.85714286  1.12913553
      144  0.85714286  1.45643556
      145  0.85714286  1.34164858
      146  0.85714286  1.58618315
      147  0.85714286  0.34713662
      148  0.85714286  1.18872188
      149  0.85714286  0.67565597
      150  0.85714286  0.82471641
      151  0.85714286  2.00000000
      152  0.85714286  1.26171513
      153  0.85714286  0.75898931
      154  0.85714286  2.00000000
      155  0.85714286  2.00000000
      156  0.85714286  0.47957396
      157  0.85714286  1.45643556
      158  0.25000000  2.00000000
      159  0.42857143  1.58618315
      160  0.42857143  1.34997758
      161  0.42857143  2.00000000
      162  0.96428571  0.70276867
      163  0.96428571  1.00892394
      164  0.96428571  1.61905341
      165  0.96428571  2.00000000
      166  0.96428571  1.61905341
      167  0.96428571  1.00892394
      168  0.96428571  1.77146186
      169  0.96428571  1.61905341
      170  0.96428571  1.61905341
      171  0.96428571  2.00000000
      172  0.96428571  2.00000000
      173  0.96428571  2.00000000
      174  0.96428571  2.00000000
      175  0.96428571  2.00000000
      176  0.96428571  1.61905341
      177  0.03571429  2.00000000
      178  0.03571429  2.00000000
      179  0.03571429  2.00000000
      180  0.03571429  2.00000000
      181  0.96428571  1.77146186
      182  0.60714286  1.47744063
      183  0.96428571  1.17259120
      184  0.96428571  1.77146186
      185  0.96428571  1.61905341
      186  0.96428571  1.12890446
      187  0.96428571  1.77146186
      188  0.96428571  1.77146186
      189  0.96428571  1.61905341
      190  0.96428571  1.61905341
      191  0.96428571  1.61905341
      192  0.96428571  1.49674167
      193  0.96428571  2.00000000
      194  0.96428571  2.00000000
      195  0.96428571  1.77146186
      196  0.96428571  2.00000000
      197  0.96428571  1.77146186
      198  0.96428571  1.54497934
      199  0.96428571  2.00000000
      200  0.96428571  0.91894396
      201  0.96428571  1.49674167
      202  0.96428571  2.00000000
      203  0.96428571  2.00000000
      204  0.96428571  1.00892394
      205  0.96428571  1.00892394
      206  0.96428571  2.00000000
      207  0.96428571  1.00892394
      208  0.96428571  2.00000000
      209  0.96428571  2.00000000
      210  0.96428571  2.00000000
      211  0.96428571  2.00000000
      212  0.96428571  1.77146186
      213  0.96428571  1.39470879
      214  0.96428571  2.00000000
      215  0.96428571  1.61905341
      216  0.96428571  2.00000000
      217  0.96428571  2.00000000
      218  0.96428571  1.77146186
      219  0.96428571  2.00000000
      220  0.96428571  1.24666528
      221  0.96428571  2.00000000
      222  0.96428571  1.77146186
      223  0.96428571  1.61905341
      224  0.96428571  2.00000000
      225  0.96428571  2.00000000
      226  0.96428571  2.00000000
      227  0.96428571  1.77146186
      228  0.96428571  2.00000000
      229  0.96428571  2.00000000
      230  0.96428571  2.00000000
      231  0.96428571  2.00000000
      232  0.96428571  1.77146186
      233  0.03571429  2.00000000
      234  0.96428571  1.77146186
      235  0.96428571  2.00000000
      236  0.96428571  2.00000000
      237  0.96428571  2.00000000
      238  0.96428571  0.91894396
      239  0.96428571  2.00000000
      240  0.96428571  1.77146186
      241  0.96428571  1.49674167
      242  0.96428571  2.00000000
      243  0.96428571  2.00000000
      244  0.96428571  2.00000000
      245  0.96428571  2.00000000
      246  0.96428571  2.00000000
      247  0.96428571  1.77146186
      248  0.96428571  1.61905341
      249  0.96428571  2.00000000
      250  0.96428571  0.84582661
      251  0.96428571  1.61905341
      252  0.96428571  1.77146186
      253  0.96428571  2.00000000
      254  0.96428571  2.00000000
      255  0.96428571  1.61905341
      256  0.96428571  1.77146186
      257  0.96428571  1.39470879
      258  0.96428571  1.17259120
      259  0.96428571  2.00000000
      260  0.96428571  1.61905341
      261  0.96428571  2.00000000
      262  0.96428571  2.00000000
      263  0.96428571  2.00000000
      264  0.96428571  1.77146186
      265  0.96428571  0.60785278
      266  0.96428571  1.30871013
      267  0.96428571  2.00000000
      268  0.39285714  2.00000000
      269  0.92857143  2.00000000
      270  0.92857143  1.76480662
      271  0.92857143  1.37809586
      272  0.92857143  1.76480662
      273  0.92857143  2.00000000
      274  0.92857143  2.00000000
      275  0.92857143  2.00000000
      276  0.92857143  1.76480662
      277  0.92857143  2.00000000
      278  0.92857143  2.00000000
      279  0.85714286  1.58618315
      280  0.85714286  1.75011771
      281  0.89285714  1.75770781
      282  0.89285714  2.00000000
      283  0.96428571  1.61905341
      284  0.96428571  1.61905341
      285  0.96428571  1.54497934
      286  0.96428571  2.00000000
      287  0.96428571  2.00000000
      288  0.96428571  2.00000000
      289  0.96428571  1.49674167
      290  0.96428571  2.00000000
      291  0.96428571  2.00000000
      292  0.96428571  2.00000000
      293  0.96428571  2.00000000
      294  0.96428571  1.61905341
      295  0.96428571  1.61905341
      296  0.96428571  2.00000000
      297  0.96428571  0.91395139
      298  0.96428571  2.00000000
      299  0.96428571  2.00000000
      300  0.96428571  1.77146186
      301  0.96428571  1.77146186
      302  0.96428571  2.00000000
      303  0.96428571  1.00892394
      304  0.96428571  0.82500534
      305  0.96428571  2.00000000
      306  0.96428571  0.87534188
      307  0.96428571  1.49674167
      308  0.96428571  1.61905341
      309  0.96428571  1.39481342
      310  0.96428571  1.61905341
      311  0.96428571  1.61905341
      312  1.00000000  1.00368348
      313  1.00000000  2.00000000
      314  1.00000000  1.55733910
      315  1.00000000  2.00000000
      316  1.00000000  1.01477186
      317  0.96428571  1.77146186
      318  0.25000000  2.00000000
      319  0.21428571  1.34997758
      320  0.21428571  2.00000000
      321  0.21428571  2.00000000
      322  0.21428571  1.34997758
      323  0.42857143  2.00000000
      324  1.00000000  1.32305813
      325  1.00000000  2.00000000
      326  1.00000000  2.00000000
      327  1.00000000  2.00000000
      328  1.00000000  1.29243035
      329  1.00000000  1.50876266
      330  0.03571429  2.00000000
      331  0.03571429  2.00000000
      332  0.03571429  2.00000000
      333  0.03571429  2.00000000
      334  1.00000000  1.19404151
      335  1.00000000  1.41037382
      336  1.00000000  1.77771517
      337  1.00000000  1.77771517
      338  1.00000000  2.00000000
      339  1.00000000  1.62876767
      340  0.07142857  2.00000000
      341  1.00000000  1.40832722
      342  1.00000000  2.00000000
      343  1.00000000  2.00000000
      344  1.00000000  2.00000000
      345  1.00000000  2.00000000
      346  1.00000000  2.00000000
      347  1.00000000  1.77771517
      348  1.00000000  2.00000000
      349  1.00000000  1.40832722
      350  1.00000000  2.00000000
      351  1.00000000  2.00000000
      352  1.00000000  2.00000000
      353  1.00000000  2.00000000
      354  1.00000000  2.00000000
      355  1.00000000  2.00000000
      356  1.00000000  2.00000000
      357  1.00000000  2.00000000
      358  1.00000000  2.00000000
      359  1.00000000  2.00000000
      360  1.00000000  2.00000000
      361  1.00000000  1.77771517
      362  1.00000000  1.01477186
      363  0.03571429  2.00000000
      364  0.07142857  2.00000000
      365  1.00000000  2.00000000
      366  1.00000000  1.50876266
      367  0.96428571  1.61905341
      368  1.00000000  1.05971404
      369  1.00000000  2.00000000
      370  1.00000000  2.00000000
      371  1.00000000  2.00000000
      372  1.00000000  2.00000000
      373  1.00000000  2.00000000
      374  1.00000000  2.00000000
      375  1.00000000  2.00000000
      376  1.00000000  2.00000000
      377  1.00000000  2.00000000
      378  1.00000000  2.00000000
      379  1.00000000  2.00000000
      380  1.00000000  2.00000000
      381  1.00000000  1.77771517
      382  1.00000000  2.00000000
      383  1.00000000  2.00000000
      384  1.00000000  2.00000000
      385  1.00000000  2.00000000
      386  1.00000000  2.00000000
      387  1.00000000  1.77771517
      388  1.00000000  2.00000000
      389  1.00000000  1.50876266
      390  1.00000000  2.00000000
      391  1.00000000  2.00000000
      392  1.00000000  2.00000000
      393  1.00000000  0.83742179
      394  1.00000000  1.77771517
      395  1.00000000  2.00000000
      396  1.00000000  2.00000000
      397  1.00000000  1.01477186
      398  1.00000000  1.62876767
      399  1.00000000  2.00000000
      400  1.00000000  2.00000000
      401  1.00000000  2.00000000
      402  1.00000000  2.00000000
      403  1.00000000  1.04080368
      404  1.00000000  1.55733910
      405  1.00000000  2.00000000
      406  1.00000000  1.13687943
      407  1.00000000  1.41037382
      408  1.00000000  2.00000000
      409  1.00000000  2.00000000
      410  1.00000000  1.77771517
      411  1.00000000  2.00000000
      412  0.42857143  2.00000000
      413  0.92857143  2.00000000
      414  1.00000000  2.00000000
      415  1.00000000  2.00000000
      416  1.00000000  2.00000000
      417  1.00000000  2.00000000
      418  1.00000000  2.00000000
      419  1.00000000  2.00000000
      420  1.00000000  2.00000000
      421  1.00000000  2.00000000
      422  1.00000000  2.00000000
      423  1.00000000  2.00000000
      424  1.00000000  2.00000000
      425  1.00000000  2.00000000
      426  1.00000000  2.00000000
      427  1.00000000  2.00000000
      428  1.00000000  1.62876767
      429  1.00000000  1.11111422
      430  1.00000000  2.00000000
      431  1.00000000  2.00000000
      432  1.00000000  1.62876767
      433  1.00000000  2.00000000
      434  1.00000000  1.03338137
      435  1.00000000  2.00000000
      436  1.00000000  2.00000000
      437  1.00000000  2.00000000
      438  1.00000000  2.00000000
      439  1.00000000  2.00000000
      440  1.00000000  2.00000000
      441  1.00000000  2.00000000
      442  1.00000000  2.00000000
      443  1.00000000  2.00000000
      444  1.00000000  2.00000000
      445  1.00000000  2.00000000
      446  1.00000000  2.00000000
      447  1.00000000  2.00000000
      448  1.00000000  2.00000000
      449  1.00000000  2.00000000
      450  1.00000000  2.00000000
      451  1.00000000  2.00000000
      452  1.00000000  2.00000000
      453  1.00000000  2.00000000
      454  1.00000000  2.00000000
      455  1.00000000  1.77771517
      456  1.00000000  1.77771517
      457  1.00000000  1.62876767
      458  1.00000000  2.00000000
      459  1.00000000  0.61693629
      460  1.00000000  1.77771517
      461  1.00000000  1.50876266
      462  0.39285714  2.00000000
      463  0.39285714  2.00000000
      464  0.39285714  2.00000000
      465  0.39285714  2.00000000
      466  0.39285714  1.15464906
      467  1.00000000  1.18872188
      468  1.00000000  1.05971404
      469  1.00000000  2.00000000
      470  1.00000000  2.00000000
      471  0.96428571  2.00000000
      472  0.96428571  2.00000000
      473  0.96428571  2.00000000
      474  0.96428571  2.00000000
      475  0.96428571  2.00000000
      476  0.96428571  2.00000000
      477  0.96428571  2.00000000
      478  1.00000000  2.00000000
      479  1.00000000  2.00000000
      480  1.00000000  2.00000000
      481  1.00000000  2.00000000
      482  1.00000000  2.00000000
      483  1.00000000  2.00000000
      484  1.00000000  2.00000000
      485  1.00000000  2.00000000
      486  1.00000000  1.62876767
      487  1.00000000  2.00000000
      488  1.00000000  1.77771517
      489  1.00000000  2.00000000
      490  1.00000000  1.77771517
      491  1.00000000  2.00000000
      492  1.00000000  2.00000000
      493  1.00000000  2.00000000
      494  1.00000000  2.00000000
      495  1.00000000  2.00000000
      496  1.00000000  2.00000000
      497  1.00000000  1.77771517
      498  1.00000000  2.00000000
      499  1.00000000  2.00000000
      500  1.00000000  1.62876767
      501  1.00000000  2.00000000
      502  1.00000000  1.62876767
      503  1.00000000  2.00000000
      504  1.00000000  2.00000000
      505  1.00000000  2.00000000
      506  1.00000000  2.00000000
      507  1.00000000  2.00000000
      508  1.00000000  2.00000000
      509  1.00000000  2.00000000
      510  1.00000000  2.00000000
      511  1.00000000  1.77771517
      512  1.00000000  2.00000000
      513  0.89285714  2.00000000
      514  0.96428571  2.00000000
      515  0.89285714  2.00000000
      516  0.89285714  2.00000000
      517  0.89285714  2.00000000
      518  0.89285714  2.00000000
      519  0.89285714  1.75770781
      520  0.89285714  2.00000000
      521  0.89285714  0.61174096
      522  0.89285714  1.36569045
      523  0.89285714  2.00000000
      524  0.89285714  2.00000000
      525  0.89285714  2.00000000
      526  0.89285714  2.00000000
      527  0.89285714  2.00000000
      528  0.89285714  2.00000000
      529  0.89285714  2.00000000
      530  0.89285714  2.00000000
      531  0.89285714  2.00000000
      532  0.89285714  1.59782081
      533  0.92857143  2.00000000
      534  0.92857143  1.76480662
      535  0.96428571  2.00000000
      536  0.96428571  1.77146186
      537  0.96428571  2.00000000
      538  0.96428571  2.00000000
      539  0.96428571  1.54497934
      540  0.96428571  1.00892394
      541  0.96428571  2.00000000
      542  0.96428571  1.77146186
      543  0.96428571  1.39470879
      544  0.96428571  2.00000000
      545  0.96428571  1.61905341
      546  0.96428571  1.00892394
      547  0.96428571  1.61905341
      548  0.96428571  1.77146186
      549  0.96428571  1.77146186
      550  0.96428571  2.00000000
      551  0.96428571  2.00000000
      552  0.96428571  2.00000000
      553  0.82142857  2.00000000
      554  0.96428571  1.00892394
      555  0.96428571  2.00000000
      556  0.96428571  2.00000000
      557  0.96428571  1.77146186
      558  0.96428571  2.00000000
      559  0.96428571  1.77146186
      560  0.96428571  2.00000000
      561  0.96428571  1.61905341
      562  0.96428571  1.77146186
      563  0.96428571  1.77146186
      564  0.96428571  1.00098973
      565  0.96428571  1.09134607
      566  0.96428571  1.77146186
      567  0.96428571  2.00000000
      568  0.96428571  2.00000000
      569  0.96428571  1.61905341
      570  0.92857143  1.76480662
      571  0.89285714  1.36569045
      572  0.89285714  2.00000000
      573  0.89285714  1.75770781
      574  0.85714286  1.75011771
      575  0.85714286  2.00000000
      576  0.03571429  2.00000000
      577  0.03571429  2.00000000
      578  0.89285714  2.00000000
      579  0.89285714  1.47063913
      580  0.89285714  1.27807191
      581  0.89285714  2.00000000
      582  0.89285714  2.00000000
      583  0.89285714  2.00000000
      584  0.89285714  2.00000000
      585  0.92857143  1.48405307
      586  0.92857143  1.76480662
      587  0.92857143  2.00000000
      588  0.92857143  2.00000000
      589  0.92857143  1.76480662
      590  0.92857143  2.00000000
      591  0.92857143  2.00000000
      592  0.92857143  1.60875644
      593  0.92857143  2.00000000
      594  0.92857143  1.00427255
      595  0.92857143  1.76480662
      596  0.92857143  1.48405307
      597  0.92857143  1.48405307
      598  0.92857143  2.00000000
      599  0.92857143  1.76480662
      600  0.92857143  1.03876340
      601  0.92857143  2.00000000
      602  0.92857143  1.03876340
      603  0.92857143  1.48405307
      604  0.96428571  2.00000000
      605  0.96428571  2.00000000
      606  0.96428571  1.77146186
      607  0.96428571  1.49674167
      608  0.96428571  2.00000000
      609  0.96428571  1.04904395
      610  0.96428571  1.77146186
      611  0.96428571  1.00098973
      612  0.96428571  1.02097683
      613  0.96428571  1.39470879
      614  0.96428571  1.00892394
      615  0.96428571  1.17437347
      616  0.03571429  2.00000000
      617  0.03571429  2.00000000
      618  0.03571429  2.00000000
      619  0.03571429  2.00000000
      620  0.03571429  2.00000000
      621  0.03571429  2.00000000
      622  0.03571429  2.00000000
      623  0.03571429  2.00000000
      624  0.96428571  1.77146186
      625  0.96428571  2.00000000
      626  0.96428571  2.00000000
      627  0.96428571  1.61905341
      628  0.96428571  1.49674167
      629  0.96428571  1.49674167
      630  0.96428571  2.00000000
      631  0.96428571  2.00000000
      632  0.96428571  2.00000000
      633  0.96428571  2.00000000
      634  0.96428571  1.39481342
      635  0.96428571  2.00000000
      636  0.96428571  1.49674167
      637  0.96428571  2.00000000
      638  0.96428571  1.30871013
      639  0.03571429  2.00000000
      640  0.03571429  2.00000000
      641  0.03571429  2.00000000
      642  0.03571429  2.00000000
      643  0.96428571  2.00000000
      644  0.96428571  2.00000000
      645  0.96428571  0.78166318
      646  0.96428571  2.00000000
      647  0.96428571  1.54497934
      648  0.96428571  1.77146186
      649  0.96428571  2.00000000
      650  0.96428571  2.00000000
      651  0.03571429  2.00000000
      652  0.03571429  2.00000000
      653  0.03571429  2.00000000
      654  0.03571429  2.00000000
      655  0.03571429  2.00000000
      656  0.96428571  1.49674167
      657  0.96428571  2.00000000
      658  0.96428571  2.00000000
      659  0.96428571  1.77146186
      660  0.96428571  1.39481342
      661  0.96428571  0.84582661
      662  0.96428571  0.82696933
      663  0.96428571  1.61905341
      664  0.96428571  1.00892394
      665  0.96428571  1.61905341
      666  0.96428571  1.54497934
      667  0.96428571  2.00000000
      668  0.96428571  1.04904395
      669  0.96428571  1.77146186
      670  0.96428571  1.12890446
      671  0.96428571  2.00000000
      672  0.96428571  1.77146186
      673  0.96428571  1.39470879
      674  0.96428571  2.00000000
      675  0.96428571  1.23579549
      676  0.96428571  2.00000000
      677  0.92857143  1.76480662
      678  0.92857143  1.48405307
      679  0.92857143  1.60875644
      680  0.92857143  0.55202543
      681  0.92857143  1.60875644
      682  0.85714286  1.11131345
      683  0.10714286  2.00000000
      684  0.03571429  2.00000000
      685  0.03571429  2.00000000
      686  0.92857143  2.00000000
      687  0.92857143  1.76480662
      688  0.92857143  1.14984857
      689  0.89285714  1.59782081
      690  0.92857143  1.76480662
      691  0.92857143  2.00000000
      692  0.92857143  2.00000000
      693  0.92857143  2.00000000
      694  0.92857143  1.76480662
      695  0.92857143  2.00000000
      696  0.92857143  1.48405307
      697  0.92857143  1.48405307
      698  0.92857143  2.00000000
      699  0.92857143  2.00000000
      700  0.92857143  2.00000000
      701  0.92857143  2.00000000
      702  0.92857143  2.00000000
      703  0.92857143  2.00000000
      704  0.92857143  2.00000000
      705  0.92857143  1.76480662
      706  0.92857143  1.76480662
      707  0.92857143  1.76480662
      708  0.92857143  1.60875644
      709  0.92857143  1.60875644
      710  0.92857143  2.00000000
      711  0.92857143  1.00427255
      712  0.92857143  2.00000000
      713  0.92857143  2.00000000
      714  0.85714286  1.58618315
      715  0.85714286  1.75011771
      716  0.92857143  2.00000000
      717  0.92857143  2.00000000
      718  0.92857143  2.00000000
      719  0.92857143  1.76480662
      720  0.96428571  2.00000000
      721  0.96428571  2.00000000
      722  0.92857143  2.00000000
      723  0.92857143  1.15964133
      724  0.92857143  0.80488154
      725  0.92857143  1.60875644
      726  0.96428571  2.00000000
      727  0.96428571  1.77146186
      728  0.96428571  1.17501974
      729  0.96428571  1.39481342
      730  0.96428571  1.49674167
      731  0.96428571  2.00000000
      732  0.96428571  2.00000000
      733  0.96428571  2.00000000
      734  0.96428571  2.00000000
      735  0.96428571  1.77146186
      736  0.96428571  2.00000000
      737  0.96428571  1.09134607
      738  0.96428571  1.04904395
      739  0.07142857  2.00000000
      740  0.07142857  2.00000000
      741  0.03571429  2.00000000
      742  0.10714286  1.08170417
      743  0.96428571  2.00000000
      744  0.96428571  0.88290501
      745  0.03571429  2.00000000
      746  0.03571429  2.00000000
      747  0.03571429  2.00000000
      748  0.96428571  1.77146186
      749  0.96428571  1.54497934
      750  0.96428571  2.00000000
      751  0.96428571  1.77146186
      752  0.96428571  2.00000000
      753  0.96428571  1.49674167
      754  0.14285714  2.00000000
      755  0.10714286  2.00000000
      756  0.42857143  1.34997758
      757  0.50000000  1.62876767
      758  0.89285714  1.59782081
      759  0.96428571  1.77146186
      760  0.96428571  2.00000000
      761  0.96428571  2.00000000
      762  0.96428571  0.70276867
      763  0.92857143  1.06941387
      764  0.92857143  1.38061781
      765  0.96428571  1.77146186
      766  0.96428571  1.77146186
      767  0.96428571  1.77146186
      768  0.96428571  2.00000000
      769  0.96428571  1.77146186
      770  0.96428571  2.00000000
      771  0.96428571  1.61905341
      772  0.96428571  2.00000000
      773  0.96428571  1.77146186
      774  0.96428571  1.61905341
      775  0.96428571  1.12890446
      776  0.96428571  2.00000000
      777  0.96428571  1.49674167
      778  0.96428571  0.68943262
      779  0.96428571  0.84048845
      780  0.96428571  1.49674167
      781  0.96428571  1.61905341
      782  0.96428571  1.17501974
      783  0.96428571  0.19972129
      784  0.96428571  2.00000000
      785  0.96428571  1.49674167
      786  0.96428571  1.61905341
      787  0.96428571  1.61905341
      788  0.96428571  1.77146186
      789  0.89285714  1.01041248
      790  0.89285714  2.00000000
      791  0.96428571  2.00000000
      792  0.96428571  2.00000000
      793  0.96428571  2.00000000
      794  0.96428571  1.61905341
      795  0.96428571  1.61905341
      796  0.96428571  2.00000000
      797  0.96428571  2.00000000
      798  0.96428571  2.00000000
      799  0.96428571  1.77146186
      800  0.96428571  2.00000000
      801  0.96428571  1.77146186
      802  0.96428571  1.00892394
      803  0.96428571  1.00892394
      804  0.96428571  0.69419644
      805  0.96428571  1.39481342
      806  0.96428571  2.00000000
      807  0.96428571  2.00000000
      808  0.96428571  0.82696933
      809  0.96428571  2.00000000
      810  0.96428571  0.81261320
      811  0.96428571  1.61905341
      812  0.96428571  2.00000000
      813  0.96428571  2.00000000
      814  0.03571429  2.00000000
      815  0.03571429  2.00000000
      816  0.03571429  2.00000000
      817  0.03571429  2.00000000
      818  0.03571429  2.00000000
      819  0.96428571  2.00000000
      820  0.96428571  1.00098973
      821  0.96428571  0.56447950
      822  0.96428571  1.02488094
      823  0.96428571  1.00892394
      824  0.96428571  1.61905341
      825  0.96428571  2.00000000
      826  0.96428571  2.00000000
      827  0.96428571  1.77146186
      828  0.96428571  1.23579549
      829  0.96428571  1.39481342
      830  0.96428571  1.39481342
      831  0.96428571  1.77146186
      832  0.96428571  2.00000000
      833  0.96428571  1.39470879
      834  0.96428571  1.61905341
      835  0.96428571  1.77146186
      836  0.96428571  1.77146186
      837  0.96428571  0.82696933
      838  0.92857143  0.98988093
      839  0.96428571  1.32063472
      840  0.96428571  1.77146186
      841  0.96428571  2.00000000
      842  0.96428571  2.00000000
      843  0.96428571  2.00000000
      844  0.96428571  2.00000000
      845  0.96428571  1.32063472
      846  0.96428571  1.49674167
      847  0.96428571  2.00000000
      848  0.96428571  2.00000000
      849  0.96428571  0.67883927
      850  0.96428571  1.17501974
      851  0.96428571  2.00000000
      852  0.96428571  0.82500534
      853  0.96428571  1.61905341
      854  0.96428571  1.49674167
      855  0.96428571  2.00000000
      856  0.96428571  2.00000000
      857  0.96428571  1.39470879
      858  0.96428571  1.49674167
      859  0.96428571  2.00000000
      860  0.96428571  1.04904395
      861  0.96428571  1.49674167
      862  0.89285714  1.27807191
      863  0.96428571  1.02097683
      864  0.96428571  2.00000000
      865  0.92857143  1.00034481
      866  0.89285714  1.47063913
      867  0.92857143  2.00000000
      868  0.92857143  2.00000000
      869  0.92857143  1.10950836
      870  0.92857143  1.03876340
      871  0.96428571  1.77146186
      872  0.92857143  2.00000000
      873  0.96428571  1.00892394
      874  0.96428571  1.39470879
      875  0.96428571  2.00000000
      876  0.96428571  1.39470879
      877  0.96428571  1.77146186
      878  0.96428571  1.02488094
      879  0.96428571  2.00000000
      880  0.96428571  1.39470879
      881  0.96428571  1.39481342
      882  0.96428571  1.61905341
      883  0.96428571  2.00000000
      884  0.96428571  0.64835588
      885  0.96428571  2.00000000
      886  0.96428571  1.77146186
      887  0.96428571  1.39470879
      888  0.96428571  1.27462407
      889  0.96428571  1.77146186
      890  0.96428571  0.84048845
      891  0.96428571  1.77146186
      892  0.96428571  1.02097683
      893  0.96428571  2.00000000
      894  0.96428571  1.39481342
      895  0.10714286  2.00000000
      896  0.96428571  1.49674167
      897  0.96428571  1.61905341
      898  0.96428571  2.00000000
      899  0.96428571  1.00892394
      900  0.96428571  1.00892394
      901  0.96428571  1.77146186
      902  0.96428571  1.30871013
      903  0.96428571  0.49875959
      904  0.96428571  1.49674167
      905  0.96428571  2.00000000
      906  0.21428571  1.08170417
      907  0.10714286  2.00000000
      908  0.10714286  2.00000000
      909  0.82142857  1.00136404
      910  0.82142857  1.74198133
      911  0.92857143  1.76480662
      912  0.03571429  2.00000000
      913  0.03571429  2.00000000
      914  0.03571429  2.00000000
      915  0.03571429  2.00000000
      916  0.03571429  2.00000000
      917  0.03571429  2.00000000
      918  0.92857143  1.30117278
      919  0.92857143  1.37809586
      920  0.92857143  2.00000000
      921  0.89285714  2.00000000
      922  0.89285714  2.00000000
      923  0.89285714  2.00000000
      924  0.89285714  0.78220319
      925  0.89285714  1.75770781
      926  0.32142857  2.00000000
      927  0.32142857  2.00000000
      928  0.32142857  2.00000000
      929  0.35714286  2.00000000
      930  0.35714286  1.07807191
      931  0.35714286  2.00000000
      932  0.89285714  1.75770781
      933  0.92857143  1.37809586
      934  0.92857143  1.53183336
      935  0.85714286  0.48434534
      936  0.89285714  1.75770781
      937  0.89285714  1.75770781
      938  0.89285714  1.75770781
      939  0.85714286  2.00000000
      940  0.85714286  1.50284982
      941  0.85714286  2.00000000
      942  0.96428571  1.61905341
      943  0.96428571  0.91395139
      944  0.96428571  1.77146186
      945  0.96428571  2.00000000
      946  0.96428571  2.00000000
      947  0.96428571  2.00000000
      948  0.96428571  1.05483039
      949  0.96428571  2.00000000
      950  0.96428571  1.54497934
      951  0.96428571  2.00000000
      952  0.96428571  1.54497934
      953  0.96428571  1.02488094
      954  0.96428571  2.00000000
      955  0.78571429  1.42536430
      956  0.89285714  0.97888081
      957  0.89285714  1.59782081
      958  0.89285714  1.36044363
      959  0.92857143  1.37809586
      960  0.92857143  1.22065016
      961  0.92857143  0.76109874
      962  0.92857143  1.76480662
      963  0.92857143  2.00000000
      964  0.92857143  1.76480662
      965  0.92857143  1.22677165
      966  0.96428571  0.62012236
      967  0.96428571  1.61905341
      968  0.96428571  2.00000000
      969  0.96428571  1.27462407
      970  0.96428571  1.49674167
      971  0.96428571  2.00000000
      972  0.92857143  1.38061781
      973  0.92857143  0.83120028
      974  0.92857143  1.37809586
      975  0.92857143  0.40986880
      976  0.92857143  1.29372591
      977  0.92857143  1.76480662
      978  0.92857143  1.48405307
      979  0.03571429  2.00000000
      980  0.07142857  2.00000000
      981  0.96428571  1.39470879
      982  0.96428571  2.00000000
      983  0.96428571  1.77146186
      984  0.96428571  1.77146186
      985  0.96428571  1.39481342
      986  0.96428571  1.77146186
      987  0.96428571  1.77146186
      988  0.96428571  2.00000000
      989  0.96428571  1.77146186
      990  0.96428571  1.12890446
      991  0.96428571  1.27462407
      992  0.03571429  2.00000000
      993  0.96428571  2.00000000
      994  0.96428571  2.00000000
      995  0.96428571  1.77146186
      996  0.96428571  0.72263991
      997  0.96428571  0.87534188
      998  0.96428571  2.00000000
      999  0.96428571  1.17437347
     1000  0.96428571  0.87534188
     1001  0.96428571  0.70758910
     1002  0.96428571  1.61905341
     1003  0.96428571  2.00000000
     1004  0.96428571  2.00000000
     1005  0.96428571  2.00000000
     1006  0.96428571  1.61905341
     1007  0.96428571  2.00000000
     1008  0.96428571  2.00000000
     1009  0.96428571  2.00000000
     1010  0.96428571  1.61905341
     1011  0.96428571  1.77146186
     1012  0.96428571  0.81261320
     1013  0.96428571  2.00000000
     1014  0.96428571  1.77146186
     1015  0.03571429  2.00000000
     1016  0.92857143  1.76480662
     1017  0.92857143  1.00427255
     1018  0.92857143  1.76480662
     1019  0.96428571  2.00000000
     1020  0.96428571  2.00000000
     1021  0.96428571  2.00000000
     1022  0.96428571  2.00000000
     1023  0.96428571  2.00000000
     1024  0.96428571  1.61905341
     1025  0.96428571  2.00000000
     1026  0.96428571  1.49674167
     1027  0.96428571  2.00000000
     1028  0.96428571  2.00000000
     1029  0.96428571  2.00000000
     1030  0.96428571  2.00000000
     1031  0.96428571  2.00000000
     1032  0.96428571  2.00000000
     1033  0.96428571  1.77146186
     1034  0.96428571  2.00000000
     1035  0.96428571  2.00000000
     1036  0.96428571  2.00000000
     1037  0.96428571  2.00000000
     1038  0.96428571  2.00000000
     1039  0.96428571  2.00000000
     1040  0.96428571  1.27462407
     1041  0.96428571  1.39470879
     1042  0.96428571  2.00000000
     1043  0.96428571  2.00000000
     1044  0.96428571  2.00000000
     1045  0.96428571  2.00000000
     1046  0.96428571  2.00000000
     1047  0.96428571  2.00000000
     1048  0.96428571  2.00000000
     1049  0.96428571  2.00000000
     1050  0.96428571  2.00000000
     1051  0.96428571  2.00000000
     1052  0.96428571  2.00000000
     1053  0.96428571  1.61905341
     1054  0.96428571  2.00000000
     1055  0.96428571  2.00000000
     1056  0.96428571  2.00000000
     1057  0.96428571  2.00000000
     1058  0.96428571  2.00000000
     1059  0.96428571  2.00000000
     1060  0.96428571  1.77146186
     1061  0.96428571  1.61905341
     1062  0.96428571  1.77146186
     1063  0.96428571  1.17501974
     1064  0.96428571  2.00000000
     1065  0.96428571  2.00000000
     1066  0.96428571  1.77146186
     1067  0.96428571  2.00000000
     1068  0.96428571  1.77146186
     1069  0.96428571  2.00000000
     1070  0.96428571  1.77146186
     1071  0.96428571  2.00000000
     1072  0.96428571  1.49674167
     1073  0.96428571  1.54497934
     1074  0.96428571  2.00000000
     1075  0.96428571  2.00000000
     1076  0.96428571  1.77146186
     1077  0.96428571  2.00000000
     1078  0.96428571  1.77146186
     1079  0.96428571  2.00000000
     1080  0.96428571  2.00000000
     1081  0.96428571  2.00000000
     1082  0.96428571  2.00000000
     1083  0.96428571  2.00000000
     1084  0.96428571  2.00000000
     1085  0.96428571  2.00000000
     1086  0.96428571  2.00000000
     1087  0.96428571  2.00000000
     1088  0.96428571  1.61905341
     1089  0.96428571  2.00000000
     1090  0.96428571  1.17437347
     1091  0.60714286  2.00000000
     1092  0.96428571  1.49674167
     1093  0.96428571  0.72263991
     1094  0.96428571  1.30871013
     1095  0.96428571  0.84582661
     1096  0.96428571  0.61765509
     1097  0.96428571  2.00000000
     1098  0.96428571  2.00000000
     1099  0.96428571  2.00000000
     1100  0.96428571  2.00000000
     1101  0.96428571  1.77146186
     1102  0.96428571  2.00000000
     1103  0.96428571  1.08170417
     1104  0.96428571  0.45515081
     1105  0.96428571  2.00000000
     1106  0.96428571  2.00000000
     1107  0.96428571  2.00000000
     1108  0.96428571  2.00000000
     1109  0.96428571  2.00000000
     1110  0.96428571  2.00000000
     1111  0.96428571  2.00000000
     1112  0.96428571  2.00000000
     1113  0.42857143  2.00000000
     1114  0.03571429  2.00000000
     1115  0.03571429  2.00000000
     1116  0.03571429  2.00000000
     1117  0.03571429  2.00000000
     1118  0.03571429  2.00000000
     1119  0.96428571  2.00000000
     1120  0.96428571  1.77146186
     1121  0.96428571  1.61905341
     1122  0.96428571  1.49674167
     1123  0.96428571  2.00000000
     1124  0.96428571  1.39481342
     1125  0.96428571  1.05483039
     1126  0.89285714  1.09561854
     1127  0.03571429  2.00000000
     1128  0.96428571  2.00000000
     1129  0.96428571  1.17437347
     1130  0.96428571  1.77146186
     1131  0.96428571  2.00000000
     1132  0.96428571  2.00000000
     1133  0.96428571  2.00000000
     1134  0.96428571  2.00000000
     1135  0.96428571  2.00000000
     1136  0.96428571  1.30871013
     1137  0.96428571  2.00000000
     1138  0.96428571  2.00000000
     1139  0.96428571  1.77146186
     1140  0.96428571  2.00000000
     1141  0.96428571  1.61905341
     1142  0.96428571  1.27462407
     1143  0.96428571  2.00000000
     1144  0.96428571  2.00000000
     1145  0.96428571  2.00000000
     1146  0.96428571  2.00000000
     1147  0.96428571  2.00000000
     1148  0.96428571  2.00000000
     1149  0.96428571  2.00000000
     1150  0.96428571  2.00000000
     1151  0.96428571  2.00000000
     1152  0.96428571  2.00000000
     1153  0.96428571  2.00000000
     1154  0.96428571  2.00000000
     1155  0.96428571  2.00000000
     1156  0.96428571  2.00000000
     1157  0.96428571  2.00000000
     1158  0.96428571  2.00000000
     1159  0.96428571  2.00000000
     1160  0.96428571  2.00000000
     1161  0.96428571  2.00000000
     1162  0.96428571  2.00000000
     1163  0.96428571  2.00000000
     1164  0.96428571  2.00000000
     1165  0.96428571  2.00000000
     1166  0.96428571  2.00000000
     1167  0.96428571  1.77146186
     1168  0.96428571  2.00000000
     1169  0.96428571  1.77146186
     1170  0.96428571  2.00000000
     1171  0.96428571  2.00000000
     1172  0.96428571  2.00000000
     1173  0.96428571  2.00000000
     1174  0.96428571  2.00000000
     1175  0.96428571  1.77146186
     1176  0.96428571  2.00000000
     1177  0.96428571  2.00000000
     1178  0.96428571  1.77146186
     1179  0.96428571  0.82500534
     1180  0.96428571  2.00000000
     1181  0.96428571  1.30871013
     1182  0.96428571  1.30871013
     1183  0.96428571  2.00000000
     1184  0.96428571  2.00000000
     1185  0.96428571  1.61905341
     1186  0.96428571  2.00000000
     1187  0.96428571  1.77146186
     1188  0.96428571  1.49674167
     1189  0.96428571  1.49674167
     1190  0.96428571  0.49875959
     1191  0.96428571  1.77146186
     1192  0.96428571  2.00000000
     1193  0.96428571  2.00000000
     1194  0.96428571  1.30871013
     1195  0.96428571  2.00000000
     1196  0.96428571  2.00000000
     1197  0.96428571  2.00000000
     1198  0.96428571  0.69419644
     1199  0.96428571  1.77146186
     1200  0.96428571  1.77146186
     1201  0.96428571  2.00000000
     1202  0.96428571  2.00000000
     1203  0.96428571  2.00000000
     1204  0.96428571  2.00000000
     1205  0.96428571  2.00000000
     1206  0.96428571  2.00000000
     1207  0.96428571  2.00000000
     1208  0.96428571  2.00000000
     1209  0.96428571  2.00000000
     1210  0.96428571  2.00000000
     1211  0.96428571  1.77146186
     1212  0.96428571  2.00000000
     1213  0.96428571  2.00000000
     1214  0.96428571  1.77146186
     1215  0.96428571  2.00000000
     1216  0.96428571  1.54497934
     1217  0.96428571  2.00000000
     1218  0.96428571  1.54497934
     1219  0.96428571  1.30871013
     1220  0.96428571  2.00000000
     1221  0.96428571  1.00098973
     1222  0.96428571  2.00000000
     1223  0.96428571  2.00000000
     1224  0.96428571  2.00000000
     1225  0.96428571  2.00000000
     1226  0.96428571  0.82500534
     1227  0.96428571  2.00000000
     1228  0.96428571  2.00000000
     1229  0.96428571  1.61905341
     1230  0.96428571  2.00000000
     1231  0.96428571  2.00000000
     1232  0.96428571  1.17437347
     1233  0.96428571  1.77146186
     1234  0.96428571  2.00000000
     1235  0.96428571  2.00000000
     1236  0.96428571  1.04904395
     1237  0.96428571  1.77146186
     1238  0.96428571  1.49674167
     1239  0.96428571  2.00000000
     1240  0.96428571  1.77146186
     1241  0.96428571  1.49674167
     1242  0.96428571  2.00000000
     1243  0.96428571  1.61905341
     1244  0.96428571  1.77146186
     1245  0.92857143  1.76480662
     1246  0.92857143  2.00000000
     1247  0.96428571  1.61905341
     1248  0.96428571  1.54497934
     1249  0.96428571  2.00000000
     1250  0.96428571  1.77146186
     1251  0.92857143  2.00000000
     1252  0.96428571  2.00000000
     1253  0.96428571  2.00000000
     1254  0.96428571  2.00000000
     1255  0.96428571  2.00000000
     1256  0.96428571  2.00000000
     1257  0.96428571  2.00000000
     1258  0.96428571  2.00000000
     1259  0.96428571  1.61905341
     1260  0.96428571  2.00000000
     1261  0.96428571  1.77146186
     1262  0.96428571  1.61905341
     1263  0.96428571  1.17437347
     1264  0.96428571  2.00000000
     1265  0.96428571  1.39470879
     1266  0.96428571  1.30871013
     1267  0.96428571  1.77146186
     1268  0.96428571  1.77146186
     1269  0.96428571  2.00000000
     1270  0.96428571  1.77146186
     1271  0.85714286  2.00000000
     1272  0.85714286  2.00000000
     1273  0.96428571  1.61905341
     1274  0.96428571  2.00000000
     1275  0.96428571  0.72002509
     1276  0.96428571  2.00000000
     1277  0.89285714  2.00000000
     1278  0.89285714  2.00000000
     1279  0.89285714  0.84145117
     1280  0.89285714  1.01041248
     1281  0.89285714  1.02904941
     1282  0.89285714  1.75770781
     1283  0.89285714  2.00000000
     1284  0.96428571  2.00000000
     1285  0.96428571  1.61905341
     1286  0.96428571  2.00000000
     1287  0.96428571  1.04904395
     1288  0.96428571  2.00000000
     1289  0.96428571  2.00000000
     1290  0.96428571  2.00000000
     1291  0.92857143  2.00000000
     1292  0.96428571  2.00000000
     1293  0.96428571  2.00000000
     1294  0.96428571  1.77146186
     1295  0.96428571  1.54497934
     1296  0.92857143  1.00034481
     1297  0.96428571  2.00000000
     1298  0.92857143  1.22065016
     1299  0.96428571  2.00000000
     1300  0.96428571  2.00000000
     1301  0.96428571  1.77146186
     1302  0.96428571  1.49674167
     1303  0.96428571  1.09134607
     1304  0.96428571  1.77146186
     1305  0.96428571  1.49674167
     1306  0.96428571  1.61905341
     1307  0.96428571  2.00000000
     1308  0.96428571  2.00000000
     1309  0.96428571  2.00000000
     1310  0.96428571  1.00892394
     1311  0.96428571  2.00000000
     1312  0.96428571  2.00000000
     1313  0.96428571  2.00000000
     1314  0.96428571  1.49674167
     1315  0.96428571  2.00000000
     1316  0.96428571  1.02097683
     1317  0.96428571  1.24666528
     1318  0.96428571  1.39470879
     1319  0.96428571  2.00000000
     1320  0.96428571  2.00000000
     1321  0.42857143  1.34997758
     1322  0.96428571  1.77146186
     1323  0.96428571  2.00000000
     1324  0.96428571  1.61905341
     1325  0.96428571  2.00000000
     1326  0.96428571  2.00000000
     1327  0.96428571  1.49674167
     1328  0.96428571  1.00098973
     1329  0.96428571  1.04904395
     1330  0.89285714  2.00000000
     1331  0.89285714  2.00000000
     1332  0.89285714  2.00000000
     1333  0.89285714  1.23588595
     1334  0.89285714  1.27807191
     1335  0.89285714  2.00000000
     1336  0.89285714  2.00000000
     1337  0.53571429  1.64664066
     1338  0.53571429  2.00000000
     1339  0.07142857  2.00000000
     1340  0.07142857  2.00000000
     1341  0.14285714  2.00000000
     1342  0.96428571  0.36506920
     1343  0.92857143  2.00000000
     1344  0.92857143  2.00000000
     1345  0.92857143  2.00000000
     1346  0.92857143  1.48405307
     1347  0.96428571  1.00892394
     1348  0.96428571  2.00000000
     1349  0.96428571  1.00892394
     1350  0.96428571  2.00000000
     1351  0.96428571  1.49674167
     1352  0.96428571  2.00000000
     1353  0.96428571  2.00000000
     1354  0.96428571  1.77146186
     1355  0.96428571  2.00000000
     1356  0.96428571  1.77146186
     1357  0.96428571  1.39481342
     1358  0.96428571  1.49674167
     1359  0.96428571  2.00000000
     1360  0.96428571  2.00000000
     1361  0.96428571  2.00000000
     1362  0.96428571  2.00000000
     1363  0.96428571  2.00000000
     1364  0.96428571  1.61905341
     1365  0.96428571  1.61905341
     1366  0.96428571  1.00892394
     1367  0.96428571  1.17437347
     1368  0.96428571  1.23579549
     1369  0.96428571  1.77146186
     1370  0.96428571  0.84582661
     1371  0.96428571  1.12890446
     1372  0.96428571  1.61905341
     1373  0.96428571  1.17437347
     1374  0.96428571  2.00000000
     1375  0.96428571  2.00000000
     1376  0.92857143  0.68567951
     1377  0.96428571  2.00000000
     1378  0.96428571  0.57342671
     1379  0.96428571  2.00000000
     1380  0.96428571  1.61905341
     1381  0.96428571  2.00000000
     1382  0.96428571  1.08170417
     1383  0.96428571  1.54497934
     1384  0.96428571  1.54497934
     1385  0.96428571  1.77146186
     1386  0.96428571  2.00000000
     1387  0.96428571  1.77146186
     1388  0.96428571  2.00000000
     1389  0.96428571  0.72002509
     1390  0.96428571  2.00000000
     1391  0.96428571  1.77146186
     1392  0.92857143  2.00000000
     1393  0.92857143  1.48405307
     1394  0.92857143  2.00000000
     1395  0.92857143  2.00000000
     1396  0.92857143  1.37809586
     1397  0.92857143  1.60875644
     1398  0.89285714  2.00000000
     1399  0.89285714  0.79019966
     1400  0.14285714  2.00000000
     1401  0.17857143  2.00000000
     1402  0.14285714  2.00000000
     1403  0.17857143  2.00000000
     1404  0.21428571  1.34997758
     1405  0.28571429  1.45643556
     1406  0.42857143  2.00000000
     1407  0.07142857  2.00000000
     1408  0.07142857  2.00000000
     1409  0.07142857  2.00000000
     1410  0.07142857  2.00000000
     1411  0.07142857  2.00000000
     1412  0.07142857  1.00000000
     1413  0.07142857  2.00000000
     1414  0.07142857  2.00000000
     1415  0.07142857  2.00000000
     1416  0.07142857  2.00000000
     1417  0.03571429  2.00000000
     1418  0.03571429  2.00000000
     1419  0.03571429  2.00000000
     1420  0.03571429  2.00000000
     1421  0.03571429  2.00000000
     1422  0.03571429  2.00000000
     1423  0.03571429  2.00000000
     1424  0.03571429  2.00000000
     1425  0.03571429  2.00000000
     1426  0.03571429  2.00000000
     1427  0.03571429  2.00000000
     1428  0.03571429  2.00000000
     1429  0.03571429  2.00000000
     1430  0.03571429  2.00000000
     1431  0.03571429  2.00000000
     1432  0.03571429  2.00000000
     1433  0.03571429  2.00000000
     1434  0.03571429  2.00000000
     1435  0.03571429  2.00000000
     1436  0.07142857  2.00000000
     1437  0.07142857  2.00000000
     1438  0.07142857  1.00000000
     1439  0.07142857  2.00000000
     1440  0.07142857  2.00000000
     1441  0.07142857  2.00000000
     1442  0.96428571  2.00000000
     1443  0.96428571  1.61905341
     1444  0.96428571  1.77146186
     1445  0.96428571  2.00000000
     1446  1.00000000  1.77771517
     1447  1.00000000  1.62876767
     1448  1.00000000  0.59024093
     1449  1.00000000  1.50876266
     1450  1.00000000  1.50876266
     1451  1.00000000  2.00000000
     1452  1.00000000  1.50876266
     1453  1.00000000  1.77771517
     1454  1.00000000  1.77771517
     1455  1.00000000  2.00000000
     1456  1.00000000  2.00000000
     1457  1.00000000  2.00000000
     1458  1.00000000  2.00000000
     1459  1.00000000  1.00368348
     1460  1.00000000  2.00000000
     1461  1.00000000  2.00000000
     1462  1.00000000  1.41037382
     1463  0.96428571  0.81261320
     1464  0.92857143  2.00000000
     1465  0.92857143  2.00000000
     1466  0.92857143  1.48405307
     1467  0.92857143  1.07064499
     1468  0.92857143  2.00000000
     1469  0.46428571  2.00000000
     1470  0.92857143  2.00000000
     1471  0.96428571  1.77146186
     1472  0.96428571  1.02488094
     1473  0.96428571  1.61905341
     1474  1.00000000  1.13687943
     1475  1.00000000  2.00000000
     1476  1.00000000  1.77771517
     1477  1.00000000  2.00000000
     1478  1.00000000  1.32305813
     1479  1.00000000  2.00000000
     1480  1.00000000  2.00000000
     1481  1.00000000  1.77771517
     1482  1.00000000  1.77771517
     1483  1.00000000  1.26547008
     1484  1.00000000  1.62876767
     1485  1.00000000  1.55733910
     1486  1.00000000  2.00000000
     1487  1.00000000  2.00000000
     1488  1.00000000  1.77771517
     1489  1.00000000  2.00000000
     1490  1.00000000  1.77771517
     1491  1.00000000  0.86072184
     1492  1.00000000  1.25040474
     1493  1.00000000  1.62876767
     1494  1.00000000  1.41037382
     1495  1.00000000  2.00000000
     1496  1.00000000  2.00000000
     1497  1.00000000  2.00000000
     1498  1.00000000  1.40832722
     1499  1.00000000  2.00000000
     1500  1.00000000  2.00000000
     1501  1.00000000  2.00000000
     1502  1.00000000  2.00000000
     1503  1.00000000  2.00000000
     1504  1.00000000  0.71611318
     1505  1.00000000  1.00368348
     1506  1.00000000  2.00000000
     1507  1.00000000  2.00000000
     1508  1.00000000  0.71611318
     1509  1.00000000  1.77771517
     1510  1.00000000  2.00000000
     1511  1.00000000  2.00000000
     1512  1.00000000  1.77771517
     1513  0.92857143  1.60875644
     1514  1.00000000  1.77771517
     1515  1.00000000  2.00000000
     1516  1.00000000  2.00000000
     1517  1.00000000  1.62876767
     1518  1.00000000  2.00000000
     1519  1.00000000  0.61693629
     1520  1.00000000  1.77771517
     1521  1.00000000  1.77771517
     1522  0.92857143  1.60875644
     1523  0.92857143  1.14984857
     1524  0.03571429  2.00000000
     1525  0.03571429  2.00000000
     1526  0.03571429  2.00000000
     1527  0.03571429  2.00000000
     1528  0.96428571  2.00000000
     1529  0.96428571  2.00000000
     1530  0.96428571  1.49674167
     1531  0.96428571  1.77146186
     1532  0.96428571  2.00000000
     1533  1.00000000  1.32305813
     1534  1.00000000  2.00000000
     1535  1.00000000  2.00000000
     1536  1.00000000  1.77771517
     1537  1.00000000  1.01477186
     1538  1.00000000  1.01477186
     1539  1.00000000  1.55733910
     1540  1.00000000  2.00000000
     1541  1.00000000  1.50876266
     1542  1.00000000  1.62876767
     1543  1.00000000  2.00000000
     1544  1.00000000  1.77771517
     1545  1.00000000  1.01477186
     1546  1.00000000  2.00000000
     1547  1.00000000  2.00000000
     1548  1.00000000  2.00000000
     1549  1.00000000  1.50876266
     1550  1.00000000  2.00000000
     1551  1.00000000  2.00000000
     1552  1.00000000  2.00000000
     1553  1.00000000  1.62876767
     1554  1.00000000  1.03338137
     1555  1.00000000  2.00000000
     1556  1.00000000  2.00000000
     1557  1.00000000  1.00368348
     1558  0.03571429  2.00000000
     1559  0.03571429  2.00000000
     1560  0.03571429  2.00000000
     1561  0.03571429  2.00000000
     1562  0.03571429  2.00000000
     1563  0.03571429  2.00000000
     1564  0.03571429  2.00000000
     1565  1.00000000  0.51901482
     1566  1.00000000  1.32305813
     1567  1.00000000  2.00000000
     1568  1.00000000  2.00000000
     1569  1.00000000  2.00000000
     1570  1.00000000  1.55733910
     1571  1.00000000  2.00000000
     1572  1.00000000  1.77771517
     1573  1.00000000  1.11111422
     1574  1.00000000  1.77771517
     1575  1.00000000  0.71611318
     1576  0.96428571  1.39470879
     1577  1.00000000  1.50876266
     1578  1.00000000  2.00000000
     1579  1.00000000  1.62876767
     1580  1.00000000  1.77771517
     1581  1.00000000  0.82203468
     1582  1.00000000  2.00000000
     1583  0.92857143  1.01714131
     1584  0.92857143  2.00000000
     1585  0.92857143  2.00000000
     1586  0.92857143  2.00000000
     1587  0.92857143  2.00000000
     1588  0.92857143  1.22065016
     1589  0.92857143  2.00000000
     1590  0.89285714  2.00000000
     1591  0.89285714  1.75770781
     1592  0.42857143  2.00000000
     1593  0.42857143  1.02013124
     1594  0.42857143  1.58618315
     1595  0.42857143  2.00000000
     1596  0.75000000  1.72380457
     1597  0.89285714  0.80252238
     1598  0.89285714  0.79019966
     1599  0.92857143  2.00000000
     1600  0.92857143  1.37809586
     1601  0.92857143  1.60875644
     1602  0.92857143  1.60875644
     1603  0.92857143  1.00427255
     1604  0.92857143  2.00000000
     1605  0.92857143  1.76480662
     1606  0.92857143  1.76480662
     1607  0.92857143  1.76480662
     1608  0.92857143  2.00000000
     1609  1.00000000  1.77771517
     1610  1.00000000  1.62876767
     1611  1.00000000  0.90508568
     1612  1.00000000  2.00000000
     1613  1.00000000  2.00000000
     1614  1.00000000  1.77771517
     1615  1.00000000  1.50876266
     1616  1.00000000  1.62876767
     1617  1.00000000  2.00000000
     1618  1.00000000  2.00000000
     1619  1.00000000  1.77771517
     1620  1.00000000  1.77771517
     1621  1.00000000  1.77771517
     1622  1.00000000  0.71611318
     1623  1.00000000  1.01477186
     1624  1.00000000  1.50876266
     1625  1.00000000  2.00000000
     1626  1.00000000  1.40832722
     1627  1.00000000  2.00000000
     1628  1.00000000  1.13687943
     1629  1.00000000  1.62876767
     1630  1.00000000  2.00000000
     1631  1.00000000  1.55733910
     1632  1.00000000  1.50876266
     1633  1.00000000  2.00000000
     1634  1.00000000  2.00000000
     1635  1.00000000  2.00000000
     1636  1.00000000  2.00000000
     1637  1.00000000  1.32305813
     1638  1.00000000  1.05971404
     1639  0.92857143  1.76480662
     1640  0.92857143  1.76480662
     1641  0.92857143  2.00000000
     1642  0.92857143  1.60875644
     1643  0.92857143  2.00000000
     1644  0.92857143  1.76480662
     1645  0.92857143  2.00000000
     1646  0.92857143  1.76480662
     1647  0.92857143  1.76480662
     1648  0.92857143  1.37809586
     1649  1.00000000  1.62876767
     1650  1.00000000  2.00000000
     1651  1.00000000  1.77771517
     1652  1.00000000  1.77771517
     1653  1.00000000  2.00000000
     1654  1.00000000  1.77771517
     1655  0.92857143  1.38061781
     1656  0.92857143  1.76480662
     1657  0.92857143  1.48405307
     1658  0.92857143  2.00000000
     1659  0.92857143  1.76480662
     1660  1.00000000  1.55733910
     1661  1.00000000  1.77771517
     1662  1.00000000  1.77771517
     1663  1.00000000  2.00000000
     1664  1.00000000  1.62876767
     1665  1.00000000  2.00000000
     1666  1.00000000  2.00000000
     1667  1.00000000  2.00000000
     1668  1.00000000  2.00000000
     1669  1.00000000  2.00000000
     1670  1.00000000  1.77771517
     1671  1.00000000  1.41037382
     1672  1.00000000  1.50876266
     1673  1.00000000  1.62876767
     1674  1.00000000  2.00000000
     1675  1.00000000  1.01477186
     1676  1.00000000  1.26547008
     1677  1.00000000  2.00000000
     1678  1.00000000  1.11111422
     1679  0.53571429  1.64664066
     1680  0.42857143  1.02013124
     1681  0.42857143  2.00000000
     1682  0.42857143  2.00000000
     1683  0.42857143  2.00000000
     1684  0.42857143  2.00000000
     1685  0.42857143  2.00000000
     1686  0.42857143  2.00000000
     1687  0.42857143  2.00000000
     1688  0.42857143  2.00000000
     1689  0.42857143  2.00000000
     1690  0.42857143  1.58618315
     1691  0.42857143  2.00000000
     1692  0.42857143  2.00000000
     1693  0.42857143  2.00000000
     1694  0.42857143  1.18872188
     1695  0.42857143  2.00000000
     1696  0.42857143  2.00000000
     1697  0.42857143  2.00000000
     1698  0.42857143  2.00000000
     1699  0.42857143  2.00000000
     1700  0.42857143  2.00000000
     1701  0.42857143  2.00000000
     1702  0.42857143  2.00000000
     1703  0.42857143  2.00000000
     1704  0.42857143  1.58618315
     1705  0.42857143  2.00000000
     1706  0.42857143  2.00000000
     1707  0.42857143  2.00000000
     1708  0.42857143  1.58618315
     1709  0.42857143  2.00000000
     1710  0.42857143  2.00000000
     1711  0.42857143  2.00000000
     1712  0.42857143  2.00000000
     1713  0.42857143  1.58618315
     1714  0.03571429  2.00000000
     1715  0.42857143  1.58618315
     1716  0.42857143  1.58618315
     1717  0.42857143  2.00000000
     1718  0.42857143  2.00000000
     1719  0.42857143  1.34997758
     1720  0.42857143  2.00000000
     1721  0.42857143  2.00000000
     1722  0.42857143  2.00000000
     1723  0.42857143  2.00000000
     1724  0.42857143  1.02013124
     1725  0.42857143  2.00000000
     1726  0.42857143  2.00000000
     1727  0.42857143  1.58618315
     1728  0.42857143  0.95914792
     1729  0.42857143  1.58618315
     1730  0.42857143  1.18331091
     1731  0.42857143  2.00000000
     1732  0.42857143  2.00000000
     1733  0.42857143  2.00000000
     1734  0.42857143  1.34997758
     1735  0.42857143  1.58618315
     1736  0.42857143  2.00000000
     1737  0.42857143  2.00000000
     1738  0.42857143  1.34997758
     1739  0.42857143  2.00000000
     1740  0.42857143  2.00000000
     1741  0.42857143  1.58618315
     1742  0.42857143  1.08170417
     1743  0.42857143  2.00000000
     1744  0.42857143  2.00000000
     1745  0.42857143  2.00000000
     1746  0.42857143  2.00000000
     1747  0.42857143  1.58618315
     1748  0.42857143  2.00000000
     1749  0.42857143  1.58618315
     1750  0.42857143  2.00000000
     1751  0.42857143  1.58618315
     1752  0.42857143  2.00000000
     1753  0.42857143  2.00000000
     1754  0.42857143  2.00000000
     1755  0.42857143  2.00000000
     1756  0.42857143  2.00000000
     1757  0.42857143  2.00000000
     1758  0.42857143  2.00000000
     1759  0.42857143  2.00000000
     1760  0.42857143  2.00000000
     1761  0.42857143  2.00000000
     1762  0.42857143  2.00000000
     1763  0.42857143  2.00000000
     1764  0.42857143  2.00000000
     1765  0.42857143  2.00000000
     1766  0.42857143  1.58618315
     1767  0.42857143  2.00000000
     1768  0.42857143  1.58618315
     1769  0.42857143  2.00000000
     1770  0.42857143  2.00000000
     1771  0.42857143  2.00000000
     1772  0.42857143  2.00000000
     1773  0.42857143  2.00000000
     1774  0.42857143  2.00000000
     1775  0.42857143  2.00000000
     1776  0.42857143  2.00000000
     1777  0.42857143  1.58618315
     1778  0.42857143  2.00000000
     1779  0.42857143  2.00000000
     1780  0.42857143  2.00000000
     1781  0.42857143  2.00000000
     1782  0.42857143  2.00000000
     1783  0.42857143  2.00000000
     1784  0.42857143  1.58618315
     1785  0.42857143  1.34997758
     1786  0.42857143  2.00000000
     1787  0.42857143  2.00000000
     1788  0.42857143  1.58618315
     1789  0.42857143  2.00000000
     1790  0.42857143  1.58618315
     1791  0.42857143  2.00000000
     1792  0.42857143  2.00000000
     1793  0.42857143  2.00000000
     1794  0.42857143  2.00000000
     1795  0.42857143  1.02013124
     1796  0.42857143  2.00000000
     1797  0.42857143  2.00000000
     1798  0.42857143  2.00000000
     1799  0.42857143  2.00000000
     1800  0.42857143  1.34997758
     1801  0.42857143  2.00000000
     1802  0.42857143  1.58618315
     1803  0.42857143  1.34997758
     1804  0.42857143  2.00000000
     1805  0.42857143  2.00000000
     1806  0.42857143  2.00000000
     1807  0.42857143  2.00000000
     1808  0.42857143  2.00000000
     1809  0.32142857  2.00000000
     1810  0.32142857  2.00000000
     1811  0.32142857  2.00000000
     1812  0.32142857  2.00000000
     1813  0.32142857  2.00000000
     1814  0.32142857  2.00000000
     1815  0.32142857  2.00000000
     1816  0.32142857  2.00000000
     1817  0.32142857  2.00000000
     1818  0.32142857  1.49674167
     1819  0.32142857  1.49674167
     1820  0.32142857  1.23579549
     1821  0.32142857  2.00000000
     1822  0.32142857  2.00000000
     1823  0.32142857  2.00000000
     1824  0.42857143  2.00000000
     1825  0.42857143  2.00000000
     1826  0.42857143  2.00000000
     1827  0.42857143  2.00000000
     1828  0.42857143  2.00000000
     1829  0.42857143  2.00000000
     1830  0.42857143  2.00000000
     1831  0.42857143  2.00000000
     1832  0.42857143  2.00000000
     1833  0.42857143  2.00000000
     1834  0.42857143  2.00000000
     1835  0.42857143  2.00000000
     1836  0.42857143  2.00000000
     1837  0.42857143  2.00000000
     1838  0.42857143  2.00000000
     1839  0.42857143  2.00000000
     1840  0.42857143  2.00000000
     1841  0.42857143  2.00000000
     1842  0.42857143  2.00000000
     1843  0.42857143  2.00000000
     1844  0.42857143  1.58618315
     1845  0.42857143  2.00000000
     1846  0.42857143  2.00000000
     1847  0.42857143  2.00000000
     1848  0.42857143  2.00000000
     1849  0.42857143  1.02013124
     1850  0.42857143  1.58618315
     1851  0.42857143  2.00000000
     1852  0.42857143  2.00000000
     1853  0.42857143  2.00000000
     1854  0.42857143  2.00000000
     1855  0.42857143  2.00000000
     1856  0.42857143  1.58618315
     1857  0.42857143  1.02013124
     1858  0.42857143  2.00000000
     1859  0.42857143  1.58618315
     1860  0.42857143  1.02013124
     1861  0.42857143  2.00000000
     1862  0.42857143  2.00000000
     1863  0.42857143  1.08170417
     1864  0.42857143  1.58618315
     1865  0.42857143  2.00000000
     1866  0.42857143  2.00000000
     1867  0.42857143  1.58618315
     1868  0.42857143  2.00000000
     1869  0.42857143  2.00000000
     1870  0.42857143  1.58618315
     1871  0.42857143  2.00000000
     1872  0.42857143  1.58618315
     1873  0.42857143  2.00000000
     1874  0.42857143  2.00000000
     1875  0.42857143  1.58618315
     1876  0.42857143  2.00000000
     1877  0.42857143  1.58618315
     1878  0.42857143  2.00000000
     1879  0.42857143  2.00000000
     1880  0.42857143  1.58618315
     1881  0.42857143  1.58618315
     1882  0.42857143  2.00000000
     1883  0.42857143  2.00000000
     1884  0.42857143  1.58618315
     1885  0.42857143  1.58618315
     1886  0.42857143  2.00000000
     1887  0.42857143  2.00000000
     1888  0.42857143  1.34997758
     1889  0.42857143  1.34997758
     1890  0.42857143  2.00000000
     1891  0.42857143  2.00000000
     1892  0.39285714  2.00000000
     1893  0.39285714  2.00000000
     1894  0.39285714  1.56050301
     1895  0.42857143  2.00000000
     1896  0.42857143  2.00000000
     1897  0.42857143  2.00000000
     1898  0.42857143  2.00000000
     1899  0.42857143  2.00000000
     1900  0.42857143  1.34997758
     1901  0.42857143  1.58618315
     1902  0.42857143  2.00000000
     1903  0.42857143  2.00000000
     1904  0.42857143  2.00000000
     1905  0.42857143  2.00000000
     1906  0.42857143  2.00000000
     1907  0.42857143  2.00000000
     1908  0.42857143  1.58618315
     1909  0.42857143  2.00000000
     1910  0.42857143  2.00000000
     1911  0.42857143  2.00000000
     1912  0.42857143  2.00000000
     1913  0.42857143  2.00000000
     1914  0.42857143  2.00000000
     1915  0.42857143  2.00000000
     1916  0.42857143  2.00000000
     1917  0.42857143  2.00000000
     1918  0.42857143  2.00000000
     1919  0.42857143  2.00000000
     1920  0.42857143  2.00000000
     1921  0.42857143  2.00000000
     1922  0.42857143  1.58618315
     1923  0.42857143  2.00000000
     1924  0.42857143  2.00000000
     1925  0.42857143  1.08170417
     1926  0.42857143  1.58618315
     1927  0.42857143  1.18331091
     1928  0.42857143  2.00000000
     1929  0.42857143  2.00000000
     1930  0.42857143  2.00000000
     1931  0.42857143  2.00000000
     1932  0.42857143  2.00000000
     1933  0.42857143  2.00000000
     1934  0.42857143  2.00000000
     1935  0.42857143  2.00000000
     1936  0.42857143  2.00000000
     1937  0.42857143  2.00000000
     1938  0.42857143  2.00000000
     1939  0.42857143  2.00000000
     1940  0.42857143  1.34997758
     1941  0.42857143  0.95914792
     1942  0.42857143  1.34997758
     1943  0.42857143  1.18331091
     1944  0.42857143  2.00000000
     1945  0.42857143  1.34997758
     1946  0.42857143  1.34997758
     1947  0.42857143  2.00000000
     1948  0.42857143  2.00000000
     1949  0.42857143  2.00000000
     1950  0.42857143  2.00000000
     1951  0.42857143  2.00000000
     1952  0.42857143  1.34997758
     1953  0.42857143  2.00000000
     1954  0.42857143  1.58618315
     1955  0.42857143  2.00000000
     1956  0.42857143  2.00000000
     1957  0.42857143  1.58618315
     1958  0.42857143  2.00000000
     1959  0.42857143  2.00000000
     1960  0.42857143  1.58618315
     1961  0.42857143  2.00000000
     1962  0.42857143  2.00000000
     1963  0.42857143  1.02013124
     1964  0.42857143  1.34997758
     1965  0.42857143  2.00000000
     1966  0.42857143  2.00000000
     1967  0.42857143  1.18331091
     1968  0.42857143  1.58618315
     1969  0.42857143  2.00000000
     1970  0.42857143  1.58618315
     1971  0.42857143  2.00000000
     1972  0.42857143  2.00000000
     1973  0.42857143  2.00000000
     1974  0.42857143  2.00000000
     1975  0.42857143  2.00000000
     1976  0.42857143  1.18872188
     1977  0.42857143  2.00000000
     1978  0.42857143  2.00000000
     1979  0.03571429  2.00000000
     1980  0.03571429  2.00000000
     1981  0.03571429  2.00000000
     1982  0.03571429  2.00000000
     1983  0.03571429  2.00000000
     1984  0.03571429  2.00000000
     1985  0.03571429  2.00000000
     1986  0.03571429  2.00000000
     1987  0.03571429  2.00000000
     1988  0.03571429  2.00000000
     1989  0.03571429  2.00000000
     1990  0.03571429  2.00000000
     1991  0.03571429  2.00000000
     1992  0.03571429  2.00000000
     1993  0.03571429  2.00000000
     1994  0.03571429  2.00000000
     1995  0.03571429  2.00000000
     1996  0.03571429  2.00000000
     1997  0.03571429  2.00000000
     1998  0.03571429  2.00000000
     1999  0.03571429  2.00000000
     2000  0.03571429  2.00000000
     2001  0.03571429  2.00000000
     2002  0.03571429  2.00000000
     2003  0.03571429  2.00000000
     2004  0.03571429  2.00000000
     2005  0.03571429  2.00000000
     2006  0.03571429  2.00000000
     2007  0.42857143  1.34997758
     2008  0.42857143  1.18331091
     2009  0.42857143  1.58618315
     2010  0.42857143  1.58618315
     2011  0.42857143  1.02013124
     2012  0.42857143  1.58618315
     2013  0.42857143  2.00000000
     2014  0.42857143  2.00000000
     2015  0.42857143  2.00000000
     2016  0.42857143  2.00000000
     2017  0.42857143  2.00000000
     2018  0.42857143  2.00000000
     2019  0.42857143  2.00000000
     2020  0.42857143  2.00000000
     2021  0.42857143  2.00000000
     2022  0.42857143  2.00000000
     2023  0.42857143  1.58618315
     2024  0.42857143  2.00000000
     2025  0.42857143  2.00000000
     2026  0.42857143  2.00000000
     2027  0.42857143  1.58618315
     2028  0.42857143  2.00000000
     2029  0.42857143  2.00000000
     2030  0.42857143  2.00000000
     2031  0.42857143  2.00000000
     2032  0.42857143  2.00000000
     2033  0.42857143  2.00000000
     2034  0.42857143  2.00000000
     2035  0.42857143  2.00000000
     2036  0.42857143  1.58618315
     2037  0.42857143  2.00000000
     2038  0.42857143  2.00000000
     2039  0.42857143  2.00000000
     2040  0.42857143  2.00000000
     2041  0.42857143  2.00000000
     2042  0.42857143  2.00000000
     2043  0.82142857  2.00000000
     2044  0.89285714  1.36044363
     2045  1.00000000  0.61693629
     2046  1.00000000  2.00000000
     2047  1.00000000  1.03338137
     2048  1.00000000  2.00000000
     2049  1.00000000  2.00000000
     2050  1.00000000  1.13687943
     2051  1.00000000  1.77771517
     2052  1.00000000  1.03338137
     2053  1.00000000  2.00000000
     2054  1.00000000  2.00000000
     2055  1.00000000  1.77771517
     2056  1.00000000  2.00000000
     2057  0.10714286  2.00000000
     2058  0.10714286  2.00000000
     2059  0.10714286  1.08170417
     2060  0.10714286  2.00000000
     2061  1.00000000  0.81438384
     2062  0.96428571  2.00000000
     2063  0.96428571  1.00892394
     2064  0.96428571  1.49674167
     2065  0.96428571  1.00892394
     2066  0.96428571  1.00892394
     2067  0.96428571  2.00000000
     2068  1.00000000  1.77771517
     2069  1.00000000  1.40832722
     2070  1.00000000  1.41037382
     2071  1.00000000  1.77771517
     2072  1.00000000  2.00000000
     2073  1.00000000  1.77771517
     2074  1.00000000  0.82203468
     2075  1.00000000  1.13687943
     2076  1.00000000  2.00000000
     2077  1.00000000  1.00368348
     2078  1.00000000  2.00000000
     2079  1.00000000  1.77771517
     2080  0.89285714  1.36569045
     2081  1.00000000  1.50876266
     2082  1.00000000  1.62876767
     2083  1.00000000  1.19414240
     2084  1.00000000  1.77771517
     2085  1.00000000  1.62876767
     2086  1.00000000  1.62876767
     2087  1.00000000  1.03338137
     2088  1.00000000  0.86072184
     2089  1.00000000  1.50876266
     2090  1.00000000  1.77771517
     2091  1.00000000  1.00368348
     2092  1.00000000  2.00000000
     2093  1.00000000  0.94241484
     2094  1.00000000  1.77771517
     2095  1.00000000  2.00000000
     2096  1.00000000  1.77771517
     2097  1.00000000  1.77771517
     2098  1.00000000  1.00368348
     2099  1.00000000  2.00000000
     2100  1.00000000  1.77771517
     2101  1.00000000  2.00000000
     2102  1.00000000  0.86072184
     2103  1.00000000  1.05971404
     2104  0.14285714  2.00000000
     2105  0.14285714  2.00000000
     2106  1.00000000  1.13687943
     2107  1.00000000  2.00000000
     2108  1.00000000  1.77771517
     2109  1.00000000  1.77771517
     2110  1.00000000  2.00000000
     2111  1.00000000  2.00000000
     2112  0.96428571  1.02488094
     2113  0.89285714  2.00000000
     2114  0.89285714  1.09561854
     2115  0.89285714  1.59782081
     2116  1.00000000  1.62876767
     2117  0.03571429  2.00000000
     2118  0.03571429  2.00000000
     2119  0.03571429  2.00000000
     2120  0.03571429  2.00000000
     2121  0.03571429  2.00000000
     2122  0.03571429  2.00000000
     2123  0.03571429  2.00000000
     2124  0.03571429  2.00000000
     2125  0.03571429  2.00000000
     2126  0.03571429  2.00000000
     2127  0.03571429  2.00000000
     2128  0.03571429  2.00000000
     2129  0.03571429  2.00000000
     2130  0.03571429  2.00000000
     2131  0.03571429  2.00000000
     2132  0.03571429  2.00000000
     2133  0.03571429  2.00000000
     2134  0.03571429  2.00000000
     2135  0.03571429  2.00000000
     2136  0.03571429  2.00000000
     2137  0.03571429  2.00000000
     2138  0.03571429  2.00000000
     2139  1.00000000  2.00000000
     2140  1.00000000  2.00000000
     2141  1.00000000  2.00000000
     2142  1.00000000  1.77771517
     2143  1.00000000  1.77771517
     2144  1.00000000  0.94241484
     2145  1.00000000  1.62876767
     2146  1.00000000  1.62876767
     2147  1.00000000  2.00000000
     2148  1.00000000  1.77771517
     2149  1.00000000  2.00000000
     2150  1.00000000  1.00368348
     2151  1.00000000  1.00368348
     2152  1.00000000  1.62876767
     2153  1.00000000  2.00000000
     2154  1.00000000  2.00000000
     2155  1.00000000  1.09407178
     2156  1.00000000  0.77551162
     2157  1.00000000  1.03338137
     2158  1.00000000  2.00000000
     2159  1.00000000  1.41037382
     2160  1.00000000  0.70019624
     2161  1.00000000  1.05971404
     2162  1.00000000  1.41037382
     2163  1.00000000  1.77771517
     2164  1.00000000  2.00000000
     2165  1.00000000  1.50876266
     2166  1.00000000  0.19364209
     2167  1.00000000  1.29243035
     2168  1.00000000  1.40832722
     2169  1.00000000  2.00000000
     2170  1.00000000  1.77771517
     2171  1.00000000  1.55733910
     2172  1.00000000  2.00000000
     2173  0.96428571  1.39481342
     2174  1.00000000  2.00000000
     2175  1.00000000  1.14967410
     2176  1.00000000  1.40832722
     2177  0.42857143  0.95914792
     2178  1.00000000  2.00000000
     2179  1.00000000  1.62876767
     2180  1.00000000  1.77771517
     2181  1.00000000  1.05971404
     2182  1.00000000  0.66187196
     2183  1.00000000  2.00000000
     2184  1.00000000  2.00000000
     2185  1.00000000  1.77771517
     2186  1.00000000  2.00000000
     2187  1.00000000  0.64184248
     2188  1.00000000  1.50876266
     2189  1.00000000  2.00000000
     2190  1.00000000  1.77771517
     2191  1.00000000  2.00000000
     2192  1.00000000  1.62876767
     2193  1.00000000  1.01477186
     2194  1.00000000  1.01477186
     2195  1.00000000  2.00000000
     2196  1.00000000  1.77771517
     2197  1.00000000  0.83742179
     2198  1.00000000  2.00000000
     2199  1.00000000  1.41037382
     2200  1.00000000  0.61693629
     2201  1.00000000  2.00000000
     2202  1.00000000  2.00000000
     2203  0.57142857  2.00000000
     2204  0.57142857  2.00000000
     2205  1.00000000  1.19414240
     2206  1.00000000  2.00000000
     2207  1.00000000  1.50876266
     2208  1.00000000  2.00000000
     2209  1.00000000  2.00000000
     2210  1.00000000  1.50876266
     2211  0.75000000  1.72380457
     2212  0.75000000  2.00000000
     2213  0.75000000  2.00000000
     2214  0.75000000  1.29753345
     2215  0.75000000  2.00000000
     2216  0.75000000  1.72380457
     2217  0.89285714  1.47063913
     2218  0.89285714  1.75770781
     2219  0.89285714  1.08388179
     2220  0.89285714  2.00000000
     2221  1.00000000  2.00000000
     2222  1.00000000  2.00000000
     2223  1.00000000  1.62876767
     2224  1.00000000  1.50876266
     2225  1.00000000  1.29243035
     2226  1.00000000  1.50876266
     2227  1.00000000  1.50876266
     2228  1.00000000  2.00000000
     2229  1.00000000  1.77771517
     2230  1.00000000  1.13687943
     2231  1.00000000  1.40832722
     2232  1.00000000  2.00000000
     2233  1.00000000  1.09407178
     2234  1.00000000  2.00000000
     2235  1.00000000  1.50876266
     2236  1.00000000  1.40832722
     2237  1.00000000  1.32305813
     2238  1.00000000  1.40832722
     2239  1.00000000  2.00000000
     2240  1.00000000  2.00000000
     2241  1.00000000  1.13687943
     2242  1.00000000  2.00000000
     2243  1.00000000  1.03338137
     2244  1.00000000  0.74496729
     2245  1.00000000  2.00000000
     2246  1.00000000  2.00000000
     2247  1.00000000  2.00000000
     2248  1.00000000  1.77771517
     2249  1.00000000  1.77771517
     2250  1.00000000  1.50876266
     2251  1.00000000  1.05128526
     2252  1.00000000  2.00000000
     2253  0.46428571  1.60875644
     2254  1.00000000  1.40832722
     2255  1.00000000  1.50876266
     2256  1.00000000  2.00000000
     2257  0.89285714  2.00000000
     2258  0.89285714  2.00000000
     2259  0.89285714  1.47063913
     2260  0.89285714  2.00000000
     2261  0.89285714  1.75770781
     2262  0.89285714  2.00000000
     2263  0.89285714  1.75770781
     2264  0.89285714  2.00000000
     2265  0.07142857  2.00000000
     2266  0.89285714  2.00000000
     2267  0.89285714  2.00000000
     2268  0.89285714  2.00000000
     2269  1.00000000  1.50876266
     2270  1.00000000  1.50876266
     2271  1.00000000  1.13687943
     2272  1.00000000  1.55733910
     2273  1.00000000  1.62876767
     2274  1.00000000  1.55733910
     2275  1.00000000  1.55733910
     2276  1.00000000  1.55733910
     2277  1.00000000  1.77771517
     2278  1.00000000  1.77771517
     2279  1.00000000  1.62876767
     2280  1.00000000  1.19414240
     2281  1.00000000  2.00000000
     2282  1.00000000  1.77771517
     2283  1.00000000  1.77771517
     2284  1.00000000  1.77771517
     2285  1.00000000  2.00000000
     2286  1.00000000  2.00000000
     2287  1.00000000  1.77771517
     2288  1.00000000  2.00000000
     2289  0.28571429  1.45643556
     2290  0.28571429  2.00000000
     2291  1.00000000  1.40832722
     2292  1.00000000  1.13687943
     2293  1.00000000  0.55548308
     2294  1.00000000  0.44334329
     2295  1.00000000  1.77771517
     2296  1.00000000  1.77771517
     2297  1.00000000  2.00000000
     2298  1.00000000  2.00000000
     2299  1.00000000  2.00000000
     2300  1.00000000  1.50876266
     2301  1.00000000  2.00000000
     2302  1.00000000  1.41037382
     2303  1.00000000  2.00000000
     2304  1.00000000  1.77771517
     2305  1.00000000  2.00000000
     2306  1.00000000  1.77771517
     2307  1.00000000  1.55733910
     2308  0.07142857  2.00000000
     2309  0.92857143  2.00000000
     2310  0.92857143  1.76480662
     2311  1.00000000  2.00000000
     2312  1.00000000  2.00000000
     2313  1.00000000  1.40832722
     2314  1.00000000  2.00000000
     2315  1.00000000  1.77771517
     2316  1.00000000  2.00000000
     2317  1.00000000  1.77771517
     2318  1.00000000  1.62876767
     2319  1.00000000  0.97294173
     2320  1.00000000  1.50876266
     2321  0.96428571  2.00000000
     2322  1.00000000  2.00000000
     2323  1.00000000  1.50876266
     2324  1.00000000  1.04080368
     2325  1.00000000  1.01477186
     2326  0.96428571  2.00000000
     2327  1.00000000  1.50876266
     2328  1.00000000  2.00000000
     2329  1.00000000  1.41037382
     2330  1.00000000  2.00000000
     2331  1.00000000  2.00000000
     2332  1.00000000  2.00000000
     2333  1.00000000  0.46591238
     2334  1.00000000  1.62876767
     2335  1.00000000  0.34460377
     2336  1.00000000  2.00000000
     2337  1.00000000  2.00000000
     2338  1.00000000  1.11111422
     2339  1.00000000  2.00000000
     2340  1.00000000  2.00000000
     2341  1.00000000  2.00000000
     2342  1.00000000  2.00000000
     2343  1.00000000  1.62876767
     2344  1.00000000  2.00000000
     2345  1.00000000  2.00000000
     2346  1.00000000  2.00000000
     2347  1.00000000  2.00000000
     2348  1.00000000  1.62876767
     2349  0.28571429  2.00000000
     2350  0.28571429  1.45643556
     2351  0.28571429  1.45643556
     2352  0.28571429  2.00000000
     2353  0.28571429  2.00000000
     2354  0.28571429  2.00000000
     2355  0.92857143  2.00000000
     2356  1.00000000  1.50876266
     2357  1.00000000  1.50876266
     2358  1.00000000  0.35208181
     2359  1.00000000  0.83742179
     2360  1.00000000  1.62876767
     2361  1.00000000  1.09407178
     2362  1.00000000  2.00000000
     2363  1.00000000  1.77771517
     2364  1.00000000  0.94241484
     2365  1.00000000  1.00368348
     2366  1.00000000  1.62876767
     2367  1.00000000  1.40832722
     2368  1.00000000  2.00000000
     2369  1.00000000  2.00000000
     2370  1.00000000  2.00000000
     2371  1.00000000  1.00368348
     2372  1.00000000  2.00000000
     2373  1.00000000  1.62876767
     2374  1.00000000  1.55733910
     2375  1.00000000  2.00000000
     2376  1.00000000  2.00000000
     2377  1.00000000  2.00000000
     2378  1.00000000  2.00000000
     2379  1.00000000  1.01477186
     2380  1.00000000  0.73045401
     2381  1.00000000  1.09407178
     2382  1.00000000  1.77771517
     2383  1.00000000  1.00368348
     2384  1.00000000  1.03611903
     2385  0.96428571  2.00000000
     2386  0.96428571  1.27462407
     2387  1.00000000  2.00000000
     2388  1.00000000  1.32305813
     2389  1.00000000  1.62876767
     2390  1.00000000  2.00000000
     2391  1.00000000  1.62876767
     2392  1.00000000  1.00368348
     2393  0.89285714  1.75770781
     2394  0.89285714  2.00000000
     2395  0.82142857  2.00000000
     2396  0.82142857  1.57377134
     2397  0.82142857  1.44137063
     2398  0.89285714  1.12569045
     2399  0.89285714  2.00000000
     2400  0.89285714  1.75770781
     2401  0.89285714  1.09561854
     2402  0.89285714  1.75770781
     2403  0.89285714  1.59782081
     2404  0.89285714  1.09561854
     2405  0.89285714  2.00000000
     2406  0.89285714  2.00000000
     2407  0.89285714  1.59782081
     2408  0.89285714  1.47063913
     2409  0.89285714  1.47063913
     2410  1.00000000  1.77771517
     2411  1.00000000  2.00000000
     2412  1.00000000  1.77771517
     2413  1.00000000  1.00368348
     2414  1.00000000  1.18872188
     2415  1.00000000  1.50876266
     2416  1.00000000  2.00000000
     2417  1.00000000  1.77771517
     2418  1.00000000  1.32305813
     2419  0.03571429  2.00000000
     2420  0.03571429  2.00000000
     2421  0.03571429  2.00000000
     2422  0.03571429  2.00000000
     2423  0.03571429  2.00000000
     2424  0.03571429  2.00000000
     2425  0.03571429  2.00000000
     2426  0.03571429  2.00000000
     2427  1.00000000  2.00000000
     2428  1.00000000  2.00000000
     2429  1.00000000  1.62876767
     2430  1.00000000  1.03338137
     2431  1.00000000  2.00000000
     2432  1.00000000  1.62876767
     2433  1.00000000  1.77771517
     2434  1.00000000  1.62876767
     2435  1.00000000  1.62876767
     2436  1.00000000  2.00000000
     2437  1.00000000  1.55733910
     2438  0.03571429  2.00000000
     2439  1.00000000  1.62876767
     2440  1.00000000  2.00000000
     2441  1.00000000  1.50876266
     2442  1.00000000  1.77771517
     2443  1.00000000  1.77771517
     2444  1.00000000  1.77771517
     2445  1.00000000  1.07824552
     2446  1.00000000  1.77771517
     2447  1.00000000  0.64659589
     2448  0.96428571  0.64835588
     2449  0.60714286  1.47744063
     2450  1.00000000  2.00000000
     2451  1.00000000  2.00000000
     2452  1.00000000  1.62876767
     2453  1.00000000  1.03338137
     2454  1.00000000  1.32305813
     2455  1.00000000  2.00000000
     2456  1.00000000  1.77771517
     2457  1.00000000  2.00000000
     2458  1.00000000  1.29243035
     2459  1.00000000  1.50876266
     2460  1.00000000  1.50876266
     2461  1.00000000  2.00000000
     2462  1.00000000  2.00000000
     2463  1.00000000  2.00000000
     2464  1.00000000  2.00000000
     2465  1.00000000  0.70127921
     2466  1.00000000  2.00000000
     2467  1.00000000  2.00000000
     2468  1.00000000  1.62876767
     2469  0.82142857  2.00000000
     2470  1.00000000  2.00000000
     2471  1.00000000  2.00000000
     2472  1.00000000  1.00000000
     2473  1.00000000  2.00000000
     2474  1.00000000  2.00000000
     2475  1.00000000  2.00000000
     2476  0.92857143  1.76480662
     2477  0.92857143  2.00000000
     2478  0.92857143  2.00000000
     2479  1.00000000  2.00000000
     2480  1.00000000  1.41037382
     2481  1.00000000  1.62876767
     2482  0.92857143  2.00000000
     2483  0.92857143  1.60875644
     2484  0.92857143  2.00000000
     2485  0.92857143  2.00000000
     2486  0.17857143  1.27807191
     2487  0.50000000  1.40832722
     2488  0.50000000  1.62876767
     2489  1.00000000  2.00000000
     2490  1.00000000  2.00000000
     2491  1.00000000  1.13687943
     2492  1.00000000  2.00000000
     2493  1.00000000  1.50876266
     2494  1.00000000  2.00000000
     2495  1.00000000  1.77771517
     2496  1.00000000  1.03338137
     2497  0.96428571  1.61905341
     2498  1.00000000  1.32305813
     2499  1.00000000  2.00000000
     2500  1.00000000  2.00000000
     2501  1.00000000  1.03338137
     2502  1.00000000  1.55733910
     2503  1.00000000  1.41037382
     2504  1.00000000  1.26547008
     2505  1.00000000  1.77771517
     2506  1.00000000  1.62876767
     2507  1.00000000  1.62876767
     2508  1.00000000  1.55733910
     2509  1.00000000  2.00000000
     2510  1.00000000  1.14967410
     2511  1.00000000  2.00000000
     2512  1.00000000  1.00000000
     2513  1.00000000  1.26547008
     2514  1.00000000  1.09407178
     2515  0.96428571  1.00892394
     2516  1.00000000  1.77771517
     2517  1.00000000  1.77771517
     2518  1.00000000  1.77771517
     2519  1.00000000  2.00000000
     2520  1.00000000  1.29243035
     2521  1.00000000  1.62876767
     2522  1.00000000  1.55733910
     2523  1.00000000  1.62876767
     2524  1.00000000  1.62876767
     2525  1.00000000  1.41037382
     2526  1.00000000  1.50876266
     2527  1.00000000  1.41037382
     2528  0.03571429  2.00000000
     2529  0.03571429  2.00000000
     2530  0.03571429  2.00000000
     2531  0.03571429  2.00000000
     2532  0.03571429  2.00000000
     2533  1.00000000  1.40832722
     2534  1.00000000  1.50876266
     2535  1.00000000  2.00000000
     2536  1.00000000  2.00000000
     2537  1.00000000  1.62876767
     2538  1.00000000  1.77771517
     2539  1.00000000  2.00000000
     2540  1.00000000  2.00000000
     2541  1.00000000  2.00000000
     2542  1.00000000  1.50876266
     2543  0.03571429  2.00000000
     2544  0.03571429  2.00000000
     2545  1.00000000  2.00000000
     2546  1.00000000  0.70127921
     2547  1.00000000  1.77771517
     2548  1.00000000  1.77771517
     2549  1.00000000  1.62876767
     2550  1.00000000  2.00000000
     2551  1.00000000  1.41037382
     2552  1.00000000  2.00000000
     2553  0.46428571  2.00000000
     2554  0.46428571  1.38061781
     2555  0.46428571  2.00000000
     2556  0.46428571  2.00000000
     2557  0.46428571  2.00000000
     2558  0.46428571  2.00000000
     2559  1.00000000  1.01477186
     2560  1.00000000  2.00000000
     2561  1.00000000  1.62876767
     2562  1.00000000  2.00000000
     2563  1.00000000  2.00000000
     2564  1.00000000  1.62876767
     2565  1.00000000  2.00000000
     2566  1.00000000  1.62876767
     2567  0.92857143  1.00104743
     2568  1.00000000  2.00000000
     2569  1.00000000  1.00368348
     2570  1.00000000  1.29243035
     2571  1.00000000  0.70127921
     2572  1.00000000  2.00000000
     2573  0.96428571  1.77146186
     2574  1.00000000  1.50876266
     2575  1.00000000  1.77771517
     2576  1.00000000  1.50876266
     2577  1.00000000  2.00000000
     2578  1.00000000  1.13687943
     2579  1.00000000  1.77771517
     2580  1.00000000  2.00000000
     2581  1.00000000  2.00000000
     2582  1.00000000  0.34460377
     2583  1.00000000  2.00000000
     2584  1.00000000  1.14967410
     2585  1.00000000  1.09407178
     2586  0.53571429  1.64664066
     2587  0.35714286  2.00000000
     2588  0.46428571  2.00000000
     2589  0.53571429  1.43349049
     2590  1.00000000  1.00368348
     2591  1.00000000  1.62876767
     2592  1.00000000  2.00000000
     2593  1.00000000  2.00000000
     2594  1.00000000  1.00368348
     2595  1.00000000  2.00000000
     2596  1.00000000  0.82203468
     2597  1.00000000  1.00368348
     2598  1.00000000  1.00368348
     2599  1.00000000  1.09407178
     2600  1.00000000  1.03338137
     2601  1.00000000  1.41037382
     2602  1.00000000  1.11111422
     2603  1.00000000  1.29243035
     2604  1.00000000  1.32305813
     2605  1.00000000  2.00000000
     2606  1.00000000  2.00000000
     2607  0.53571429  1.43349049
     2608  1.00000000  2.00000000
     2609  1.00000000  0.56869240
     2610  1.00000000  1.41037382
     2611  0.07142857  2.00000000
     2612  0.07142857  2.00000000
     2613  0.07142857  2.00000000
     2614  0.07142857  2.00000000
     2615  1.00000000  2.00000000
     2616  1.00000000  2.00000000
     2617  1.00000000  1.77771517
     2618  1.00000000  2.00000000
     2619  1.00000000  0.70019624
     2620  1.00000000  1.03338137
     2621  0.85714286  0.76355950
     2622  1.00000000  1.50876266
     2623  0.07142857  2.00000000
     2624  0.07142857  2.00000000
     2625  0.07142857  1.00000000
     2626  0.07142857  2.00000000
     2627  0.07142857  2.00000000
     2628  0.07142857  2.00000000
     2629  0.07142857  2.00000000
     2630  0.07142857  2.00000000
     2631  0.07142857  2.00000000
     2632  0.07142857  2.00000000
     2633  0.07142857  2.00000000
     2634  0.07142857  2.00000000
     2635  0.07142857  2.00000000
     2636  0.07142857  2.00000000
     2637  0.07142857  2.00000000
     2638  0.07142857  2.00000000
     2639  0.07142857  2.00000000
     2640  0.07142857  2.00000000
     2641  0.07142857  2.00000000
     2642  0.07142857  2.00000000
     2643  0.07142857  2.00000000
     2644  0.07142857  2.00000000
     2645  0.07142857  2.00000000
     2646  1.00000000  2.00000000
     2647  0.96428571  2.00000000
     2648  0.96428571  1.39470879
     2649  0.96428571  1.49674167
     2650  0.96428571  1.39481342
     2651  0.96428571  2.00000000
     2652  0.96428571  1.77146186
     2653  0.96428571  1.77146186
     2654  0.96428571  1.77146186
     2655  1.00000000  2.00000000
     2656  1.00000000  2.00000000
     2657  1.00000000  2.00000000
     2658  1.00000000  0.64184248
     2659  1.00000000  1.03338137
     2660  0.89285714  1.75770781
     2661  1.00000000  1.62876767
     2662  1.00000000  1.77771517
     2663  1.00000000  2.00000000
     2664  0.03571429  2.00000000
     2665  0.03571429  2.00000000
     2666  0.03571429  2.00000000
     2667  0.03571429  2.00000000
     2668  0.03571429  2.00000000
     2669  0.03571429  2.00000000
     2670  1.00000000  1.03338137
     2671  1.00000000  1.77771517
     2672  1.00000000  0.43528749
     2673  1.00000000  2.00000000
     2674  1.00000000  1.19414240
     2675  0.03571429  2.00000000
     2676  0.03571429  2.00000000
     2677  0.03571429  2.00000000
     2678  0.03571429  2.00000000
     2679  0.03571429  2.00000000
     2680  0.03571429  2.00000000
     2681  0.03571429  2.00000000
     2682  0.96428571  2.00000000
     2683  0.96428571  0.80849889
     2684  0.96428571  1.49674167
     2685  0.96428571  1.49674167
     2686  1.00000000  1.77771517
     2687  1.00000000  1.00368348
     2688  1.00000000  2.00000000
     2689  1.00000000  0.73619083
     2690  1.00000000  1.77771517
     2691  1.00000000  1.01477186
     2692  1.00000000  0.82203468
     2693  1.00000000  1.62876767
     2694  1.00000000  2.00000000
     2695  1.00000000  1.77771517
     2696  1.00000000  1.62876767
     2697  0.96428571  2.00000000
     2698  0.96428571  1.49674167
     2699  1.00000000  2.00000000
     2700  1.00000000  2.00000000
     2701  1.00000000  1.00368348
     2702  1.00000000  2.00000000
     2703  0.57142857  1.30378774
     2704  0.57142857  2.00000000
     2705  1.00000000  1.40832722
     2706  1.00000000  2.00000000
     2707  1.00000000  1.40832722
     2708  1.00000000  2.00000000
     2709  0.03571429  2.00000000
     2710  0.03571429  2.00000000
     2711  1.00000000  2.00000000
     2712  1.00000000  1.55733910
     2713  1.00000000  1.01477186
     2714  1.00000000  1.32305813
     2715  1.00000000  1.62876767
     2716  0.03571429  2.00000000
     2717  1.00000000  1.62876767
     2718  1.00000000  2.00000000
     2719  1.00000000  2.00000000
     2720  1.00000000  1.77771517
     2721  1.00000000  2.00000000
     2722  1.00000000  1.00368348
     2723  1.00000000  1.41037382
     2724  1.00000000  1.62876767
     2725  1.00000000  2.00000000
     2726  1.00000000  2.00000000
     2727  0.03571429  2.00000000
     2728  0.96428571  1.61905341
     2729  0.96428571  1.00892394
     2730  0.96428571  2.00000000
     2731  0.96428571  1.49674167
     2732  0.96428571  1.49674167
     2733  0.96428571  1.61905341
     2734  0.96428571  2.00000000
     2735  0.96428571  2.00000000
     2736  0.96428571  1.61905341
     2737  0.96428571  1.49674167
     2738  0.96428571  1.61905341
     2739  0.96428571  2.00000000
     2740  0.96428571  1.05483039
     2741  1.00000000  1.50876266
     2742  1.00000000  0.70127921
     2743  1.00000000  1.77771517
     2744  1.00000000  1.13687943
     2745  0.92857143  1.53183336
     2746  1.00000000  2.00000000
     2747  1.00000000  2.00000000
     2748  0.71428571  0.55884647
     2749  1.00000000  2.00000000
     2750  1.00000000  2.00000000
     2751  1.00000000  1.77771517
     2752  1.00000000  1.77771517
     2753  1.00000000  1.77771517
     2754  1.00000000  1.03338137
     2755  1.00000000  2.00000000
     2756  0.96428571  1.77146186
     2757  0.96428571  2.00000000
     2758  0.85714286  2.00000000
     2759  0.85714286  2.00000000
     2760  0.85714286  1.75011771
     2761  0.46428571  1.60875644
     2762  0.46428571  1.00873574
     2763  0.42857143  1.58618315
     2764  0.42857143  2.00000000
     2765  0.42857143  0.95914792
     2766  0.10714286  2.00000000
     2767  0.96428571  1.08170417
     2768  0.96428571  2.00000000
     2769  0.96428571  1.61905341
     2770  1.00000000  0.83742179
     2771  1.00000000  1.50876266
     2772  1.00000000  2.00000000
     2773  1.00000000  2.00000000
     2774  1.00000000  2.00000000
     2775  1.00000000  2.00000000
     2776  1.00000000  1.01477186
     2777  1.00000000  2.00000000
     2778  1.00000000  1.62876767
     2779  1.00000000  1.40832722
     2780  1.00000000  2.00000000
     2781  1.00000000  1.62876767
     2782  1.00000000  1.62876767
     2783  1.00000000  2.00000000
     2784  1.00000000  1.77771517
     2785  0.03571429  2.00000000
     2786  0.03571429  2.00000000
     2787  0.03571429  2.00000000
     2788  1.00000000  1.77771517
     2789  1.00000000  2.00000000
     2790  1.00000000  2.00000000
     2791  1.00000000  1.55733910
     2792  0.60714286  1.47744063
     2793  1.00000000  0.89221562
     2794  1.00000000  2.00000000
     2795  1.00000000  1.55733910
     2796  1.00000000  1.40832722
     2797  1.00000000  1.62876767
     2798  1.00000000  2.00000000
     2799  1.00000000  1.62876767
     2800  1.00000000  1.77771517
     2801  1.00000000  1.50876266
     2802  1.00000000  1.18872188
     2803  1.00000000  2.00000000
     2804  0.07142857  2.00000000
     2805  0.07142857  2.00000000
     2806  0.07142857  2.00000000
     2807  0.07142857  2.00000000
     2808  1.00000000  2.00000000
     2809  1.00000000  1.50876266
     2810  1.00000000  1.41037382
     2811  1.00000000  2.00000000
     2812  1.00000000  1.41037382
     2813  1.00000000  2.00000000
     2814  1.00000000  1.50876266
     2815  1.00000000  2.00000000
     2816  1.00000000  1.50876266
     2817  1.00000000  1.77771517
     2818  1.00000000  1.62876767
     2819  1.00000000  1.01477186
     2820  1.00000000  0.83742179
     2821  1.00000000  1.01477186
     2822  1.00000000  1.77771517
     2823  1.00000000  2.00000000
     2824  1.00000000  1.40832722
     2825  1.00000000  2.00000000
     2826  1.00000000  2.00000000
     2827  1.00000000  2.00000000
     2828  1.00000000  2.00000000
     2829  1.00000000  2.00000000
     2830  1.00000000  2.00000000

